%% logfile from robot Filippa (33)
% Filippa (33)
%  1    time 0.000 sec
%  2  3  4  5   (mission 0), state 2, entered (thread 1, line 0), events 0x0 (bit-flags)
%  6  7 Motor velocity ref left, right: 2.0000 2.0000
%  8  9 Motor voltage [V] left, right: 2.00 2.00
% 10 11 Motor current left, right [A]: 0.000 0.005
% 12 13 Wheel velocity [m/s] left, right: -0.0000 -0.0000
% 14 15 16 17 Pose x,y,h,tilt [m,m,rad,rad]: 0 0 0 3.06107
% 18    Battery voltage [V]: 10.39
0.000 2 1 0 0 2.0000 2.0000 2.00 2.00 0.004 -0.001 -0.0000 -0.0000 0.0000 0.0000 0.000000 3.061075 10.39 
0.001 2 1 0 0 2.0000 2.0000 2.00 2.00 0.134 0.106 -0.0000 -0.0000 0.0000 0.0000 0.000000 3.061078 10.37 
0.002 2 1 0 0 2.0000 2.0000 2.00 2.00 0.283 0.312 -0.0000 -0.0000 0.0000 0.0000 0.000000 3.061078 10.34 
0.003 2 1 0 0 2.0000 2.0000 2.00 2.00 0.370 0.439 -0.0000 -0.0000 0.0000 0.0000 0.000000 3.061073 10.37 
0.004 2 1 0 0 2.0000 2.0000 2.00 2.00 0.447 0.534 -0.0000 0.0000 0.0002 0.0000 0.002617 3.061074 10.34 
0.005 2 1 0 0 2.0000 2.0000 2.00 2.00 0.434 0.591 -0.0000 0.0000 0.0002 0.0000 0.002617 3.061076 10.31 
0.006 2 1 0 0 2.0000 2.0000 2.00 2.00 0.437 0.617 -0.0000 0.0000 0.0002 0.0000 0.002617 3.061075 10.31 
0.007 2 1 0 0 2.0000 2.0000 2.00 2.00 0.459 0.612 -0.0000 0.0000 0.0002 0.0000 0.002617 3.061077 10.31 
0.008 2 1 0 0 2.0000 2.0000 2.00 2.00 0.451 0.629 -0.0000 0.0000 0.0002 0.0000 0.002617 3.061079 10.29 
0.009 2 1 0 0 2.0000 2.0000 2.00 2.00 0.443 0.637 -0.0000 0.0000 0.0002 0.0000 0.002617 3.061077 10.30 
0.010 2 1 0 0 2.0000 2.0000 2.00 2.00 0.450 0.612 0.0000 0.0000 0.0004 0.0000 0.000000 3.061082 10.30 
0.011 2 1 0 0 2.0000 2.0000 2.00 2.00 0.475 0.614 0.0000 0.0000 0.0006 0.0000 0.002617 3.061078 10.29 
0.012 2 1 0 0 2.0000 2.0000 2.00 2.00 0.414 0.632 0.0000 0.0000 0.0006 0.0000 0.002617 3.061074 10.30 
0.013 2 1 0 0 2.0000 2.0000 2.00 2.00 0.430 0.550 0.1034 0.0000 0.0008 0.0000 0.000000 3.061076 10.30 
0.014 2 1 0 0 2.0000 2.0000 2.00 2.00 0.411 0.475 0.1034 0.0000 0.0008 0.0000 0.000000 3.061076 10.30 
0.015 2 1 0 0 2.0000 2.0000 2.00 2.00 0.410 0.479 0.1034 0.1013 0.0010 0.0000 0.002617 3.061085 10.30 
0.016 2 1 0 0 2.0000 2.0000 2.00 2.00 0.447 0.439 0.1034 0.1013 0.0010 0.0000 0.002617 3.061099 10.30 
0.017 2 1 0 0 2.0000 2.0000 2.00 2.00 0.425 0.440 0.1164 0.1013 0.0012 0.0000 0.000000 3.061105 10.29 
0.018 2 1 0 0 2.0000 2.0000 2.00 2.00 0.416 0.426 0.1164 0.1323 0.0014 0.0000 0.002617 3.061103 10.28 
0.019 2 1 0 0 2.0000 2.0000 2.00 2.00 0.429 0.401 0.1164 0.1323 0.0014 0.0000 0.002617 3.061113 10.28 
0.020 2 1 0 0 2.0000 2.0000 2.00 2.00 0.391 0.409 0.1483 0.1323 0.0016 0.0000 0.000000 3.061106 10.28 
0.021 2 1 0 0 2.0000 2.0000 2.00 2.00 0.368 0.399 0.1483 0.1703 0.0018 0.0000 0.002617 3.061078 10.29 
0.022 2 1 0 0 2.0000 2.0000 2.00 2.00 0.375 0.402 0.1615 0.1703 0.0020 0.0000 0.000000 3.061077 10.29 
0.023 2 1 0 0 2.0000 2.0000 2.00 2.00 0.341 0.379 0.1615 0.1897 0.0022 0.0000 0.002617 3.061088 10.29 
0.024 2 1 0 0 2.0000 2.0000 2.00 2.00 0.338 0.399 0.2070 0.1897 0.0024 0.0000 0.000000 3.061100 10.29 
0.025 2 1 0 0 2.0000 2.0000 2.00 2.00 0.358 0.337 0.2070 0.2018 0.0026 0.0000 0.002617 3.061115 10.29 
0.026 2 1 0 0 2.0000 2.0000 2.00 2.00 0.372 0.319 0.2052 0.2018 0.0028 0.0000 0.000000 3.061125 10.29 
0.027 2 1 0 0 2.0000 2.0000 2.00 2.00 0.383 0.316 0.2052 0.2269 0.0030 0.0000 0.002617 3.061119 10.29 
0.028 2 1 0 0 2.0000 2.0000 2.00 2.00 0.364 0.330 0.2575 0.2564 0.0034 0.0000 0.002617 3.061104 10.29 
0.029 2 1 0 0 2.0000 2.0000 2.00 2.00 0.341 0.382 0.2270 0.2564 0.0037 0.0000 0.000000 3.061091 10.33 
0.030 2 1 0 0 2.0000 2.0000 2.00 2.00 0.294 0.367 0.2270 0.2556 0.0039 0.0000 0.002617 3.061084 10.31 
0.031 2 1 0 0 2.0000 2.0000 2.00 2.00 0.345 0.325 0.2728 0.2575 0.0043 0.0000 0.002617 3.061097 10.31 
0.032 2 1 0 0 2.0000 2.0000 2.00 2.00 0.319 0.294 0.2913 0.2575 0.0045 0.0000 0.000000 3.061119 10.31 
0.033 2 1 0 0 2.0000 2.0000 2.00 2.00 0.363 0.279 0.2913 0.2619 0.0047 0.0000 0.002617 3.061134 10.31 
0.034 2 1 0 0 2.0000 2.0000 2.00 2.00 0.307 0.275 0.2934 0.2619 0.0049 0.0000 0.000000 3.061132 10.29 
0.035 2 1 0 0 2.0000 2.0000 2.00 2.00 0.315 0.300 0.2557 0.2605 0.0053 0.0000 0.000000 3.061122 10.31 
0.036 2 1 0 0 2.0000 2.0000 2.00 2.00 0.280 0.308 0.2557 0.2842 0.0055 0.0000 0.002617 3.061107 10.31 
0.037 2 1 0 0 2.0000 2.0000 2.00 2.00 0.287 0.333 0.3072 0.3142 0.0059 0.0000 0.002617 3.061099 10.31 
0.038 2 1 0 0 2.0000 2.0000 2.00 2.00 0.303 0.333 0.3149 0.3142 0.0061 0.0000 0.000000 3.061110 10.31 
0.039 2 1 0 0 2.0000 2.0000 2.00 2.00 0.335 0.297 0.3378 0.3039 0.0065 0.0000 0.000000 3.061117 10.31 
0.040 2 1 0 0 2.0000 2.0000 2.00 2.00 0.250 0.359 0.2992 0.2901 0.0067 0.0000 0.002617 3.061128 10.32 
0.041 2 1 0 0 2.0000 2.0000 2.00 2.00 0.256 0.400 0.2694 0.3238 0.0071 0.0000 0.002617 3.061128 10.32 
0.042 2 1 0 0 2.0000 2.0000 2.00 2.00 0.286 0.312 0.3274 0.3238 0.0073 0.0000 0.000000 3.061123 10.32 
0.043 2 1 0 0 2.0000 2.0000 2.00 2.00 0.265 0.246 0.3230 0.3224 0.0077 0.0000 0.000000 3.061131 10.32 
0.044 2 1 0 0 2.0000 2.0000 2.00 2.00 0.296 0.244 0.3459 0.3298 0.0081 0.0000 0.000000 3.061125 10.31 
0.045 2 1 0 0 2.0000 2.0000 2.00 2.00 0.205 0.264 0.3431 0.3409 0.0083 0.0000 0.002617 3.061107 10.30 
0.046 2 1 0 0 2.0000 2.0000 2.00 2.00 0.195 0.255 0.2953 0.3453 0.0087 0.0000 0.002617 3.061096 10.31 
0.047 2 1 0 0 2.0000 2.0000 2.00 2.00 0.255 0.256 0.3525 0.3380 0.0091 0.0000 0.002617 3.061100 10.31 
0.048 2 1 0 0 2.0000 2.0000 2.00 2.00 0.301 0.228 0.3417 0.3601 0.0095 0.0000 0.002617 3.061108 10.31 
0.049 2 1 0 0 2.0000 2.0000 2.00 2.00 0.292 0.253 0.3810 0.3601 0.0097 0.0000 0.000000 3.061121 10.29 
0.050 2 1 0 0 2.0000 2.0000 2.00 2.00 0.226 0.302 0.3383 0.3777 0.0101 0.0000 0.000000 3.061125 10.29 
0.051 2 1 0 0 2.0000 2.0000 2.00 2.00 0.233 0.290 0.3801 0.3707 0.0105 0.0000 0.000000 3.061120 10.30 
0.052 2 1 0 0 2.0000 2.0000 2.00 2.00 0.255 0.249 0.3561 0.3608 0.0108 0.0000 0.002617 3.061121 10.31 
0.053 2 1 0 0 2.0000 2.0000 2.00 2.00 0.282 0.226 0.3448 0.3682 0.0112 0.0000 0.002617 3.061103 10.32 
0.054 2 1 0 0 2.0000 2.0000 2.00 2.00 0.196 0.229 0.3931 0.3575 0.0116 0.0000 0.002617 3.061088 10.32 
0.055 2 1 0 0 2.0000 2.0000 2.00 2.00 0.181 0.258 0.3654 0.3811 0.0120 0.0000 0.002617 3.061091 10.35 
0.056 2 1 0 0 2.0000 2.0000 2.00 2.00 0.234 0.242 0.3947 0.3854 0.0124 0.0000 0.002617 3.061099 10.37 
0.057 2 1 0 0 2.0000 2.0000 2.00 2.00 0.251 0.241 0.3342 0.3955 0.0128 0.0000 0.002617 3.061106 10.34 
0.058 2 1 0 0 2.0000 2.0000 2.00 2.00 0.214 0.274 0.4191 0.4022 0.0132 0.0000 0.002617 3.061107 10.33 
0.059 2 1 0 0 2.0000 2.0000 2.00 2.00 0.222 0.303 0.4362 0.4062 0.0136 0.0000 0.002617 3.061104 10.35 
0.060 2 1 0 0 2.0000 2.0000 2.00 2.00 0.269 0.260 0.4181 0.3821 0.0140 0.0000 0.002617 3.061097 10.33 
0.061 2 1 0 0 2.0000 2.0000 2.00 2.00 0.246 0.208 0.3360 0.4055 0.0144 0.0000 0.002617 3.061101 10.33 
0.062 2 1 0 0 2.0000 2.0000 2.00 2.00 0.244 0.192 0.4271 0.4010 0.0148 0.0000 0.002617 3.061096 10.34 
0.063 2 1 0 0 2.0000 2.0000 2.00 2.00 0.177 0.190 0.3715 0.4146 0.0152 0.0000 0.002617 3.061088 10.34 
0.064 2 1 0 0 2.0000 2.0000 2.00 2.00 0.191 0.184 0.4234 0.3997 0.0156 0.0000 0.002617 3.061094 10.34 
0.065 2 1 0 0 2.0000 2.0000 2.00 2.00 0.226 0.185 0.4575 0.4194 0.0160 0.0000 0.002617 3.061093 10.34 
0.066 2 1 0 0 2.0000 2.0000 2.00 2.00 0.244 0.220 0.4400 0.4505 0.0164 0.0000 0.002617 3.061097 10.34 
0.067 2 1 0 0 2.0000 2.0000 2.00 2.00 0.171 0.237 0.3778 0.4281 0.0168 0.0000 0.002617 3.061100 10.34 
0.068 2 1 0 0 2.0000 2.0000 2.00 2.00 0.186 0.195 0.4295 0.4190 0.0172 0.0000 0.002617 3.061085 10.34 
0.069 2 1 0 0 2.0000 2.0000 2.00 2.00 0.190 0.166 0.3975 0.4285 0.0176 0.0000 0.002617 3.061063 10.33 
0.070 2 1 0 0 2.0000 2.0000 2.00 2.00 0.141 0.187 0.4397 0.4515 0.0181 0.0000 0.002617 3.061050 10.33 
0.071 2 1 0 0 2.0000 2.0000 2.00 2.00 0.140 0.208 0.3879 0.4368 0.0185 0.0000 0.002617 3.061046 10.32 
0.072 2 1 0 0 2.0000 2.0000 2.00 2.00 0.198 0.216 0.4357 0.4149 0.0189 0.0000 0.002617 3.061044 10.32 
0.073 2 1 0 0 2.0000 2.0000 2.00 2.00 0.236 0.199 0.3825 0.4457 0.0195 0.0000 0.005235 3.061054 10.32 
0.074 2 1 0 0 2.0000 2.0000 2.00 2.00 0.175 0.269 0.4557 0.4560 0.0199 0.0000 0.005235 3.061058 10.33 
0.075 2 1 0 0 2.0000 2.0000 2.00 2.00 0.231 0.251 0.4513 0.4427 0.0205 0.0000 0.002617 3.061046 10.33 
0.076 2 1 0 0 2.0000 2.0000 2.00 2.00 0.236 0.184 0.4055 0.4531 0.0207 0.0000 0.005235 3.061039 10.33 
0.077 2 1 0 0 2.0000 2.0000 2.00 2.00 0.162 0.139 0.4588 0.4714 0.0213 0.0000 0.002617 3.061029 10.34 
0.078 2 1 0 0 2.0000 2.0000 2.00 2.00 0.128 0.179 0.4119 0.4608 0.0217 0.0000 0.002617 3.061026 10.34 
0.079 2 1 0 0 2.0000 2.0000 2.00 2.00 0.158 0.176 0.4556 0.4545 0.0221 0.0000 0.002617 3.061036 10.34 
0.080 2 1 0 0 2.0000 2.0000 2.00 2.00 0.216 0.135 0.4071 0.4648 0.0225 0.0000 0.002617 3.061044 10.33 
0.081 2 1 0 0 2.0000 2.0000 2.00 2.00 0.187 0.217 0.4733 0.4728 0.0231 0.0001 0.005235 3.061047 10.36 
0.082 2 1 0 0 2.0000 2.0000 2.00 2.00 0.199 0.223 0.3996 0.4704 0.0235 0.0001 0.005235 3.061038 10.34 
0.083 2 1 0 0 2.0000 2.0000 2.00 2.00 0.223 0.183 0.4669 0.4683 0.0239 0.0001 0.005235 3.061021 10.34 
0.084 2 1 0 0 2.0000 2.0000 2.00 2.00 0.181 0.142 0.4883 0.4502 0.0243 0.0001 0.005235 3.061012 10.34 
0.085 2 1 0 0 2.0000 2.0000 2.00 2.00 0.116 0.176 0.4798 0.4728 0.0247 0.0001 0.005235 3.061013 10.37 
0.086 2 1 0 0 2.0000 2.0000 2.00 2.00 0.192 0.176 0.4070 0.4935 0.0252 0.0001 0.005235 3.061018 10.35 
0.087 2 1 0 0 2.0000 2.0000 2.00 2.00 0.255 0.160 0.4670 0.4375 0.0260 0.0001 0.005235 3.061019 10.34 
0.088 2 1 0 0 2.0000 2.0000 2.00 2.00 0.227 0.218 0.4911 0.4776 0.0264 0.0001 0.005235 3.061020 10.34 
0.089 2 1 0 0 2.0000 2.0000 2.00 2.00 0.169 0.268 0.3932 0.4710 0.0268 0.0001 0.005235 3.061013 10.34 
0.090 2 1 0 0 2.0000 2.0000 2.00 2.00 0.188 0.167 0.4805 0.4786 0.0272 0.0001 0.005235 3.061000 10.34 
0.091 2 1 0 0 2.0000 2.0000 2.00 2.00 0.146 0.167 0.4661 0.4836 0.0276 0.0001 0.005235 3.061004 10.34 
0.092 2 1 0 0 2.0000 2.0000 2.00 2.00 0.082 0.187 0.4924 0.4820 0.0280 0.0001 0.005235 3.061015 10.34 
0.093 2 1 0 0 2.0000 2.0000 2.00 2.00 0.124 0.174 0.4127 0.4861 0.0286 0.0001 0.007852 3.061016 10.35 
0.094 2 1 0 0 2.0000 2.0000 2.00 2.00 0.181 0.142 0.4763 0.5037 0.0290 0.0001 0.007852 3.061016 10.34 
0.095 2 1 0 0 2.0000 2.0000 2.00 2.00 0.172 0.142 0.5037 0.4942 0.0296 0.0001 0.005235 3.061020 10.34 
0.096 2 1 0 0 2.0000 2.0000 2.00 2.00 0.174 0.197 0.4413 0.4810 0.0300 0.0001 0.005235 3.061020 10.34 
0.097 2 1 0 0 2.0000 2.0000 2.00 2.00 0.221 0.142 0.4933 0.4875 0.0304 0.0001 0.005235 3.061022 10.34 
0.098 2 1 0 0 2.0000 2.0000 2.00 2.00 0.177 0.141 0.4447 0.4919 0.0310 0.0001 0.007852 3.061016 10.34 
0.099 2 1 0 0 2.0000 2.0000 2.00 2.00 0.132 0.214 0.5041 0.4945 0.0314 0.0001 0.007852 3.061014 10.34 
0.100 2 1 0 0 2.0000 2.0000 2.00 2.00 0.172 0.203 0.4959 0.4973 0.0320 0.0001 0.005235 3.061024 10.33 
0.101 2 1 0 0 2.0000 2.0000 2.00 2.00 0.197 0.180 0.4071 0.5016 0.0325 0.0001 0.005235 3.061033 10.33 
0.102 2 1 0 0 2.0000 2.0000 2.00 2.00 0.157 0.207 0.5008 0.4824 0.0329 0.0001 0.005235 3.061035 10.34 
0.103 2 1 0 0 2.0000 2.0000 2.00 2.00 0.215 0.234 0.5201 0.5037 0.0335 0.0001 0.007852 3.061040 10.34 
0.104 2 1 0 0 2.0000 2.0000 2.00 2.00 0.248 0.156 0.4940 0.4913 0.0339 0.0001 0.007852 3.061046 10.34 
0.105 2 1 0 0 2.0000 2.0000 2.00 2.00 0.157 0.165 0.3963 0.5047 0.0343 0.0001 0.007852 3.061039 10.34 
0.106 2 1 0 0 2.0000 2.0000 2.00 2.00 0.127 0.176 0.5015 0.4828 0.0347 0.0001 0.007852 3.061030 10.34 
0.107 2 1 0 0 2.0000 2.0000 2.00 2.00 0.176 0.174 0.4976 0.5385 0.0355 0.0001 0.007852 3.061032 10.33 
0.108 2 1 0 0 2.0000 2.0000 2.00 2.00 0.156 0.173 0.5366 0.5099 0.0359 0.0001 0.007852 3.061035 10.34 
0.109 2 1 0 0 2.0000 2.0000 2.00 2.00 0.181 0.192 0.5180 0.4958 0.0363 0.0001 0.007852 3.061045 10.35 
0.110 2 1 0 0 2.0000 2.0000 2.00 2.00 0.218 0.161 0.4431 0.5046 0.0367 0.0001 0.007852 3.061056 10.35 
0.111 2 1 0 0 2.0000 2.0000 2.00 2.00 0.186 0.118 0.5032 0.5099 0.0373 0.0001 0.010469 3.061054 10.37 
0.112 2 1 0 0 2.0000 2.0000 2.00 2.00 0.123 0.144 0.5135 0.4806 0.0379 0.0001 0.007852 3.061056 10.35 
0.113 2 1 0 0 2.0000 2.0000 2.00 2.00 0.140 0.155 0.4519 0.5133 0.0383 0.0002 0.007852 3.061057 10.35 
0.114 2 1 0 0 2.0000 2.0000 2.00 2.00 0.162 0.203 0.4997 0.5219 0.0389 0.0002 0.010469 3.061049 10.35 
0.115 2 1 0 0 2.0000 2.0000 2.00 2.00 0.161 0.187 0.4406 0.5049 0.0394 0.0002 0.010469 3.061048 10.35 
0.116 2 1 0 0 2.0000 2.0000 2.00 2.00 0.159 0.179 0.5199 0.5157 0.0398 0.0002 0.010469 3.061053 10.35 
0.117 2 1 0 0 2.0000 2.0000 2.00 2.00 0.147 0.132 0.5130 0.5339 0.0404 0.0002 0.007852 3.061055 10.35 
0.118 2 1 0 0 2.0000 2.0000 2.00 2.00 0.105 0.158 0.4456 0.5124 0.0410 0.0002 0.010469 3.061069 10.35 
0.119 2 1 0 0 2.0000 2.0000 2.00 2.00 0.109 0.152 0.5193 0.5212 0.0414 0.0002 0.010469 3.061075 10.35 
0.120 2 1 0 0 2.0000 2.0000 2.00 2.00 0.118 0.169 0.4648 0.5482 0.0418 0.0002 0.010469 3.061072 10.36 
0.121 2 1 0 0 2.0000 2.0000 2.00 2.00 0.113 0.176 0.5120 0.5226 0.0424 0.0002 0.013086 3.061072 10.35 
0.122 2 1 0 0 2.0000 2.0000 2.00 2.00 0.186 0.129 0.5274 0.5213 0.0430 0.0002 0.010469 3.061062 10.35 
0.123 2 1 0 0 2.0000 2.0000 2.00 2.00 0.156 0.120 0.4451 0.5004 0.0434 0.0002 0.010469 3.061054 10.35 
0.124 2 1 0 0 2.0000 2.0000 2.00 2.00 0.161 0.126 0.5205 0.5236 0.0438 0.0002 0.010469 3.061051 10.35 
0.125 2 1 0 0 2.0000 2.0000 2.00 2.00 0.184 0.146 0.5421 0.5271 0.0444 0.0002 0.013086 3.061053 10.35 
0.126 2 1 0 0 2.0000 2.0000 2.00 2.00 0.113 0.178 0.4655 0.4857 0.0448 0.0002 0.013086 3.061064 10.34 
0.127 2 1 0 0 2.0000 2.0000 2.00 2.00 0.123 0.241 0.5224 0.5320 0.0454 0.0002 0.010469 3.061069 10.34 
0.128 2 1 0 0 2.0000 2.0000 2.00 2.00 0.143 0.159 0.5141 0.5272 0.0460 0.0002 0.013086 3.061066 10.34 
0.129 2 1 0 0 2.0000 2.0000 2.00 2.00 0.159 0.113 0.5396 0.5357 0.0464 0.0002 0.013086 3.061056 10.34 
0.130 2 1 0 0 2.0000 2.0000 2.00 2.00 0.125 0.111 0.4305 0.5313 0.0469 0.0002 0.013086 3.061050 10.35 
0.131 2 1 0 0 2.0000 2.0000 2.00 2.00 0.143 0.108 0.5094 0.5101 0.0475 0.0003 0.010469 3.061051 10.35 
0.132 2 1 0 0 2.0000 2.0000 2.00 2.00 0.117 0.131 0.5384 0.5502 0.0481 0.0003 0.013086 3.061046 10.34 
0.133 2 1 0 0 2.0000 2.0000 2.00 2.00 0.083 0.163 0.4494 0.5384 0.0485 0.0003 0.013086 3.061038 10.34 
0.134 2 1 0 0 2.0000 2.0000 2.00 2.00 0.136 0.143 0.5238 0.5242 0.0489 0.0003 0.013086 3.061042 10.35 
0.135 2 1 0 0 2.0000 2.0000 2.00 2.00 0.179 0.100 0.5434 0.5081 0.0497 0.0003 0.013086 3.061051 10.35 
0.136 2 1 0 0 2.0000 2.0000 2.00 2.00 0.158 0.143 0.4758 0.5348 0.0501 0.0003 0.013086 3.061055 10.35 
0.137 2 1 0 0 2.0000 2.0000 2.00 2.00 0.167 0.123 0.5312 0.5303 0.0505 0.0003 0.013086 3.061060 10.37 
0.138 2 1 0 0 2.0000 2.0000 2.00 2.00 0.162 0.137 0.4786 0.5386 0.0511 0.0003 0.015704 3.061060 10.36 
0.139 2 1 0 0 2.0000 2.0000 2.00 2.00 0.112 0.240 0.4979 0.5409 0.0517 0.0003 0.013086 3.061056 10.35 
0.140 2 1 0 0 2.0000 2.0000 2.00 2.00 0.133 0.192 0.5298 0.5028 0.0521 0.0003 0.013086 3.061059 10.35 
0.141 2 1 0 0 2.0000 2.0000 2.00 2.00 0.189 0.103 0.4425 0.5276 0.0525 0.0003 0.013086 3.061055 10.35 
0.142 2 1 0 0 2.0000 2.0000 2.00 2.00 0.121 0.128 0.5470 0.5351 0.0533 0.0003 0.013086 3.061052 10.35 
0.143 2 1 0 0 2.0000 2.0000 2.00 2.00 0.160 0.146 0.5398 0.5109 0.0538 0.0003 0.013086 3.061060 10.35 
0.144 2 1 0 0 2.0000 2.0000 2.00 2.00 0.186 0.099 0.4299 0.5358 0.0542 0.0003 0.013086 3.061055 10.35 
0.145 2 1 0 0 2.0000 2.0000 2.00 2.00 0.097 0.176 0.5407 0.5420 0.0548 0.0003 0.015704 3.061044 10.34 
0.146 2 1 0 0 2.0000 2.0000 2.00 2.00 0.105 0.192 0.4641 0.5270 0.0552 0.0004 0.015704 3.061050 10.35 
0.147 2 1 0 0 2.0000 2.0000 2.00 2.00 0.167 0.120 0.5697 0.5362 0.0558 0.0004 0.013086 3.061054 10.35 
0.148 2 1 0 0 2.0000 2.0000 2.00 2.00 0.137 0.131 0.5479 0.5408 0.0564 0.0004 0.015704 3.061063 10.35 
0.149 2 1 0 0 2.0000 2.0000 2.00 2.00 0.119 0.155 0.4683 0.5085 0.0568 0.0004 0.015704 3.061078 10.35 
0.150 2 1 0 0 2.0000 2.0000 2.00 2.00 0.178 0.144 0.5015 0.5414 0.0572 0.0004 0.015704 3.061074 10.35 
0.151 2 1 0 0 2.0000 2.0000 2.00 2.00 0.085 0.174 0.5405 0.5478 0.0580 0.0004 0.015704 3.061074 10.35 
0.152 2 1 0 0 2.0000 2.0000 2.00 2.00 0.075 0.258 0.4755 0.5316 0.0584 0.0004 0.015704 3.061078 10.35 
0.153 2 1 0 0 2.0000 2.0000 2.00 2.00 0.159 0.121 0.5272 0.5424 0.0588 0.0004 0.015704 3.061071 10.35 
0.154 2 1 0 0 2.0000 2.0000 2.00 2.00 0.122 0.110 0.4602 0.5456 0.0594 0.0004 0.018321 3.061069 10.35 
0.155 2 1 0 0 2.0000 2.0000 2.00 2.00 0.139 0.140 0.5338 0.5366 0.0600 0.0004 0.015704 3.061073 10.35 
0.156 2 1 0 0 2.0000 2.0000 2.00 2.00 0.162 0.101 0.5345 0.5735 0.0606 0.0004 0.018321 3.061079 10.35 
0.157 2 1 0 0 2.0000 2.0000 2.00 2.00 0.108 0.147 0.4659 0.5525 0.0611 0.0005 0.018321 3.061081 10.35 
0.158 2 1 0 0 2.0000 2.0000 2.00 2.00 0.081 0.156 0.4839 0.5466 0.0617 0.0005 0.015704 3.061069 10.35 
0.159 2 1 0 0 2.0000 2.0000 2.00 2.00 0.125 0.124 0.5332 0.5208 0.0623 0.0005 0.018321 3.061062 10.35 
0.160 2 1 0 0 2.0000 2.0000 2.00 2.00 0.145 0.074 0.4723 0.5496 0.0627 0.0005 0.018321 3.061064 10.35 
0.161 2 1 0 0 2.0000 2.0000 2.00 2.00 0.138 0.116 0.5472 0.5904 0.0631 0.0005 0.018321 3.061067 10.35 
0.162 2 1 0 0 2.0000 2.0000 2.00 2.00 0.197 0.183 0.5369 0.5050 0.0639 0.0005 0.018321 3.061072 10.35 
0.163 2 1 0 0 2.0000 2.0000 2.00 2.00 0.156 0.223 0.5579 0.5527 0.0643 0.0005 0.018321 3.061071 10.35 
0.164 2 1 0 0 2.0000 2.0000 2.00 2.00 0.098 0.197 0.5491 0.5452 0.0647 0.0005 0.018321 3.061069 10.36 
0.165 2 1 0 0 2.0000 2.0000 2.00 2.00 0.122 0.137 0.4638 0.5552 0.0653 0.0005 0.020938 3.061063 10.36 
0.166 2 1 0 0 2.0000 2.0000 2.00 2.00 0.112 0.078 0.5280 0.5505 0.0659 0.0005 0.018321 3.061059 10.35 
0.167 2 1 0 0 2.0000 2.0000 2.00 2.00 0.145 0.114 0.5524 0.5290 0.0663 0.0005 0.018321 3.061069 10.35 
0.168 2 1 0 0 2.0000 2.0000 2.00 2.00 0.124 0.131 0.4407 0.5688 0.0669 0.0006 0.020938 3.061067 10.35 
0.169 2 1 0 0 2.0000 2.0000 2.00 2.00 0.126 0.124 0.5393 0.5571 0.0673 0.0006 0.020938 3.061063 10.35 
0.170 2 1 0 0 2.0000 2.0000 2.00 2.00 0.106 0.146 0.5509 0.5419 0.0679 0.0006 0.018321 3.061068 10.35 
0.171 2 1 0 0 2.0000 2.0000 2.00 2.00 0.116 0.150 0.4592 0.5242 0.0686 0.0006 0.020938 3.061061 10.35 
0.172 2 1 0 0 2.0000 2.0000 2.00 2.00 0.113 0.091 0.5355 0.5528 0.0690 0.0006 0.020938 3.061060 10.35 
0.173 2 1 0 0 2.0000 2.0000 2.00 2.00 0.144 0.119 0.5527 0.5502 0.0696 0.0006 0.018321 3.061069 10.35 
0.174 2 1 0 0 2.0000 2.0000 2.00 2.00 0.143 0.177 0.4861 0.5562 0.0702 0.0006 0.020938 3.061067 10.34 
0.175 2 1 0 0 2.0000 2.0000 2.00 2.00 0.150 0.199 0.5423 0.5589 0.0706 0.0006 0.020938 3.061061 10.35 
0.176 2 1 0 0 2.0000 2.0000 2.00 2.00 0.158 0.157 0.4875 0.5241 0.0712 0.0006 0.023556 3.061052 10.35 
0.177 2 1 0 0 2.0000 2.0000 2.00 2.00 0.121 0.106 0.5088 0.5416 0.0718 0.0007 0.020938 3.061045 10.35 
0.178 2 1 0 0 2.0000 2.0000 2.00 2.00 0.119 0.112 0.5400 0.5565 0.0722 0.0007 0.020938 3.061045 10.35 
0.179 2 1 0 0 2.0000 2.0000 2.00 2.00 0.148 0.085 0.4489 0.5556 0.0728 0.0007 0.023556 3.061049 10.35 
0.180 2 1 0 0 2.0000 2.0000 2.00 2.00 0.140 0.121 0.5761 0.5948 0.0734 0.0007 0.020938 3.061051 10.36 
0.181 2 1 0 0 2.0000 2.0000 2.00 2.00 0.155 0.166 0.5487 0.5650 0.0738 0.0007 0.020938 3.061052 10.35 
0.182 2 1 0 0 2.0000 2.0000 2.00 2.00 0.175 0.141 0.4365 0.5566 0.0744 0.0007 0.023556 3.061055 10.35 
0.183 2 1 0 0 2.0000 2.0000 2.00 2.00 0.117 0.130 0.5526 0.5835 0.0748 0.0007 0.023556 3.061050 10.36 
0.184 2 1 0 0 2.0000 2.0000 2.00 2.00 0.094 0.157 0.5445 0.5482 0.0755 0.0007 0.020938 3.061053 10.35 
0.185 2 1 0 0 2.0000 2.0000 2.00 2.00 0.128 0.115 0.5866 0.5603 0.0761 0.0008 0.023556 3.061064 10.35 
0.186 2 1 0 0 2.0000 2.0000 2.00 2.00 0.130 0.169 0.5650 0.5872 0.0765 0.0008 0.023556 3.061073 10.35 
0.187 2 1 0 0 2.0000 2.0000 2.00 2.00 0.145 0.184 0.5486 0.5510 0.0773 0.0008 0.023556 3.061077 10.35 
0.188 2 1 0 0 2.0000 2.0000 2.00 2.00 0.154 0.112 0.5048 0.5601 0.0777 0.0008 0.023556 3.061076 10.35 
0.189 2 1 0 0 2.0000 2.0000 2.00 2.00 0.096 0.085 0.5567 0.5790 0.0781 0.0008 0.023556 3.061075 10.35 
0.190 2 1 0 0 2.0000 2.0000 2.00 2.00 0.077 0.125 0.4904 0.5543 0.0787 0.0008 0.026173 3.061074 10.35 
0.191 2 1 0 0 2.0000 2.0000 2.00 2.00 0.163 0.081 0.4737 0.5627 0.0793 0.0008 0.023556 3.061081 10.35 
0.192 2 1 0 0 2.0000 2.0000 2.00 2.00 0.106 0.137 0.5601 0.5688 0.0799 0.0008 0.026173 3.061082 10.35 
0.193 2 1 0 0 2.0000 2.0000 2.00 2.00 0.129 0.176 0.5501 0.5628 0.0803 0.0009 0.026173 3.061082 10.36 
0.194 2 1 0 0 2.0000 2.0000 2.00 2.00 0.184 0.070 0.4812 0.5593 0.0809 0.0009 0.023556 3.061083 10.36 
0.195 2 1 0 0 2.0000 2.0000 2.00 2.00 0.099 0.116 0.5567 0.5641 0.0815 0.0009 0.026173 3.061077 10.35 
0.196 2 1 0 0 2.0000 2.0000 2.00 2.00 0.095 0.145 0.4963 0.6071 0.0819 0.0009 0.026173 3.061076 10.35 
0.197 2 1 0 0 2.0000 2.0000 2.00 2.00 0.167 0.123 0.5466 0.5162 0.0825 0.0009 0.028790 3.061075 10.35 
0.198 2 1 0 0 2.0000 2.0000 2.00 2.00 0.147 0.197 0.5616 0.5679 0.0832 0.0009 0.026173 3.061072 10.35 
0.199 2 1 0 0 2.0000 2.0000 2.00 2.00 0.151 0.189 0.4707 0.5593 0.0836 0.0009 0.026173 3.061076 10.35 
0.200 2 1 0 0 2.0000 2.0000 2.00 2.00 0.181 0.110 0.5476 0.5691 0.0842 0.0010 0.028790 3.061071 10.35 
0.201 2 1 0 0 2.0000 2.0000 2.00 2.00 0.105 0.085 0.5581 0.5630 0.0848 0.0010 0.026173 3.061068 10.35 
0.202 2 1 0 0 2.0000 2.0000 2.00 2.00 0.102 0.104 0.4712 0.5414 0.0852 0.0010 0.026173 3.061069 10.34 
0.203 2 1 0 0 2.0000 2.0000 2.00 2.00 0.120 0.130 0.5436 0.5808 0.0858 0.0010 0.028790 3.061072 10.34 
0.204 2 1 0 0 2.0000 2.0000 2.00 2.00 0.105 0.176 0.5610 0.5690 0.0864 0.0010 0.026173 3.061074 10.34 
0.205 2 1 0 0 2.0000 2.0000 2.00 2.00 0.131 0.161 0.4462 0.5595 0.0870 0.0010 0.028790 3.061066 10.35 
0.206 2 1 0 0 2.0000 2.0000 2.00 2.00 0.147 0.089 0.5437 0.5345 0.0874 0.0010 0.028790 3.061060 10.35 
0.207 2 1 0 0 2.0000 2.0000 2.00 2.00 0.080 0.108 0.5300 0.5626 0.0878 0.0011 0.028790 3.061056 10.35 
0.208 2 1 0 0 2.0000 2.0000 2.00 2.00 0.077 0.141 0.4728 0.5629 0.0886 0.0011 0.028790 3.061058 10.35 
0.209 2 1 0 0 2.0000 2.0000 2.00 2.00 0.113 0.143 0.5406 0.5645 0.0890 0.0011 0.028790 3.061068 10.35 
0.210 2 1 0 0 2.0000 2.0000 2.00 2.00 0.125 0.174 0.5107 0.5680 0.0894 0.0011 0.028790 3.061072 10.35 
0.211 2 1 0 0 2.0000 2.0000 2.00 2.00 0.163 0.157 0.5600 0.5570 0.0901 0.0011 0.031408 3.061072 10.35 
0.212 2 1 0 0 2.0000 2.0000 2.00 2.00 0.214 0.160 0.5465 0.5422 0.0907 0.0011 0.028790 3.061069 10.35 
0.213 2 1 0 0 2.0000 2.0000 2.00 2.00 0.149 0.096 0.4893 0.5426 0.0911 0.0012 0.028790 3.061065 10.35 
0.214 2 1 0 0 2.0000 2.0000 2.00 2.00 0.122 0.143 0.5593 0.5601 0.0917 0.0012 0.031408 3.061068 10.35 
0.215 2 1 0 0 2.0000 2.0000 2.00 2.00 0.105 0.174 0.5444 0.5974 0.0923 0.0012 0.028790 3.061069 10.35 
0.216 2 1 0 0 2.0000 2.0000 2.00 2.00 0.125 0.136 0.4528 0.5501 0.0929 0.0012 0.031408 3.061066 10.35 
0.217 2 1 0 0 2.0000 2.0000 2.00 2.00 0.148 0.165 0.5601 0.5593 0.0933 0.0012 0.031408 3.061065 10.35 
0.218 2 1 0 0 2.0000 2.0000 2.00 2.00 0.160 0.109 0.5573 0.5674 0.0941 0.0012 0.031408 3.061059 10.35 
0.219 2 1 0 0 2.0000 2.0000 2.00 2.00 0.149 0.116 0.4402 0.5289 0.0945 0.0013 0.031408 3.061055 10.35 
0.220 2 1 0 0 2.0000 2.0000 2.00 2.00 0.118 0.118 0.5565 0.5630 0.0949 0.0013 0.031408 3.061064 10.35 
0.221 2 1 0 0 2.0000 2.0000 2.00 2.00 0.075 0.188 0.4810 0.5692 0.0955 0.0013 0.034025 3.061072 10.35 
0.222 2 1 0 0 2.0000 2.0000 2.00 2.00 0.105 0.181 0.5910 0.5491 0.0961 0.0013 0.031408 3.061081 10.35 
0.223 2 1 0 0 2.0000 2.0000 2.00 2.00 0.145 0.114 0.5646 0.5659 0.0965 0.0013 0.031408 3.061086 10.35 
0.224 2 1 0 0 2.0000 2.0000 2.00 2.00 0.110 0.085 0.4873 0.5651 0.0971 0.0013 0.034025 3.061082 10.35 
0.225 2 1 0 0 2.0000 2.0000 2.00 2.00 0.146 0.095 0.5156 0.5562 0.0978 0.0014 0.031408 3.061085 10.35 
0.226 2 1 0 0 2.0000 2.0000 2.00 2.00 0.124 0.108 0.5620 0.5915 0.0984 0.0014 0.034025 3.061090 10.35 
0.227 2 1 0 0 2.0000 2.0000 2.00 2.00 0.098 0.145 0.4926 0.5703 0.0988 0.0014 0.034025 3.061091 10.35 
0.228 2 1 0 0 2.0000 2.0000 2.00 2.00 0.135 0.113 0.5478 0.5646 0.0992 0.0014 0.034025 3.061093 10.35 
0.229 2 1 0 0 2.0000 2.0000 2.00 2.00 0.125 0.111 0.5639 0.5380 0.1000 0.0014 0.034025 3.061091 10.35 
0.230 2 1 0 0 2.0000 2.0000 2.00 2.00 0.119 0.141 0.5530 0.5638 0.1004 0.0015 0.034025 3.061090 10.35 
0.231 2 1 0 0 2.0000 2.0000 2.00 2.00 0.189 0.111 0.5549 0.5636 0.1010 0.0015 0.036642 3.061093 10.35 
0.232 2 1 0 0 2.0000 2.0000 2.00 2.00 0.113 0.175 0.5595 0.5170 0.1016 0.0015 0.034025 3.061097 10.35 
0.233 2 1 0 0 2.0000 2.0000 2.00 2.00 0.085 0.264 0.5001 0.5706 0.1020 0.0015 0.034025 3.061098 10.35 
0.234 2 1 0 0 2.0000 2.0000 2.00 2.00 0.120 0.147 0.5502 0.5633 0.1026 0.0015 0.036642 3.061089 10.35 
0.235 2 1 0 0 2.0000 2.0000 2.00 2.00 0.186 0.063 0.4866 0.5700 0.1032 0.0016 0.034025 3.061088 10.35 
0.236 2 1 0 0 2.0000 2.0000 2.00 2.00 0.147 0.147 0.4735 0.5654 0.1036 0.0016 0.034025 3.061095 10.35 
0.237 2 1 0 0 2.0000 2.0000 2.00 2.00 0.182 0.166 0.5534 0.5644 0.1042 0.0016 0.036642 3.061091 10.35 
0.238 2 1 0 0 2.0000 2.0000 2.00 2.00 0.154 0.119 0.5739 0.5830 0.1046 0.0016 0.036642 3.061091 10.35 
0.239 2 1 0 0 2.0000 2.0000 2.00 2.00 0.086 0.161 0.4767 0.5541 0.1055 0.0016 0.036642 3.061094 10.35 
0.240 2 1 0 0 2.0000 2.0000 2.00 2.00 0.128 0.133 0.5499 0.5596 0.1059 0.0016 0.036642 3.061095 10.35 
0.241 2 1 0 0 2.0000 2.0000 2.00 2.00 0.126 0.095 0.5415 0.5375 0.1063 0.0017 0.036642 3.061097 10.35 
0.242 2 1 0 0 2.0000 2.0000 2.00 2.00 0.105 0.174 0.4522 0.5620 0.1071 0.0017 0.036642 3.061095 10.35 
0.243 2 1 0 0 2.0000 2.0000 2.00 2.00 0.152 0.119 0.5520 0.5641 0.1075 0.0017 0.036642 3.061095 10.35 
0.244 2 1 0 0 2.0000 2.0000 2.00 2.00 0.101 0.161 0.5361 0.5696 0.1081 0.0017 0.039259 3.061094 10.35 
0.245 2 1 0 0 2.0000 2.0000 2.00 2.00 0.069 0.185 0.4964 0.5322 0.1085 0.0017 0.039259 3.061093 10.35 
0.247 2 1 0 0 2.0000 2.0000 2.00 2.00 0.143 0.075 0.5182 0.5657 0.1097 0.0018 0.039259 3.061091 10.34 
0.248 2 1 0 0 2.0000 2.0000 2.00 2.00 0.126 0.120 0.5655 0.5418 0.1101 0.0018 0.039259 3.061086 10.34 
0.249 2 1 0 0 2.0000 2.0000 2.00 2.00 0.195 0.131 0.5538 0.5667 0.1107 0.0018 0.036642 3.061084 10.35 
0.250 2 1 0 0 2.0000 2.0000 2.00 2.00 0.142 0.150 0.4979 0.5726 0.1113 0.0019 0.039259 3.061087 10.35 
0.251 2 1 0 0 2.0000 2.0000 2.00 2.00 0.090 0.192 0.5638 0.5561 0.1117 0.0019 0.039259 3.061089 10.35 
0.252 2 1 0 0 2.0000 2.0000 2.00 2.00 0.114 0.142 0.5511 0.5939 0.1126 0.0019 0.039259 3.061092 10.35 
0.253 2 1 0 0 2.0000 2.0000 2.00 2.00 0.124 0.083 0.4584 0.5698 0.1130 0.0019 0.039259 3.061088 10.35 
0.254 2 1 0 0 2.0000 2.0000 2.00 2.00 0.120 0.144 0.5684 0.5351 0.1134 0.0019 0.039259 3.061088 10.35 
0.255 2 1 0 0 2.0000 2.0000 2.00 2.00 0.167 0.148 0.5601 0.5961 0.1142 0.0020 0.039259 3.061092 10.35 
0.257 2 1 0 0 2.0000 2.0000 2.00 2.00 0.135 0.186 0.5636 0.5685 0.1152 0.0020 0.041877 3.061094 10.35 
0.258 2 1 0 0 2.0000 2.0000 2.00 2.00 0.124 0.112 0.4871 0.5866 0.1156 0.0020 0.041877 3.061094 10.35 
0.259 2 1 0 0 2.0000 2.0000 2.00 2.00 0.117 0.066 0.5977 0.5619 0.1164 0.0021 0.041877 3.061098 10.35 
0.260 2 1 0 0 2.0000 2.0000 2.00 2.00 0.159 0.105 0.5745 0.5700 0.1168 0.0021 0.041877 3.061091 10.35 
0.261 2 1 0 0 2.0000 2.0000 2.00 2.00 0.148 0.156 0.4903 0.5978 0.1172 0.0021 0.041877 3.061088 10.35 
0.263 2 1 0 0 2.0000 2.0000 2.00 2.00 0.143 0.110 0.5680 0.5678 0.1184 0.0021 0.041877 3.061083 10.35 
0.264 2 1 0 0 2.0000 2.0000 2.00 2.00 0.132 0.114 0.5000 0.5710 0.1190 0.0022 0.044494 3.061086 10.36 
0.265 2 1 0 0 2.0000 2.0000 2.00 2.00 0.101 0.094 0.4823 0.6184 0.1196 0.0022 0.041877 3.061086 10.36 
0.266 2 1 0 0 2.0000 2.0000 2.00 2.00 0.135 0.102 0.5710 0.5706 0.1201 0.0022 0.041877 3.061085 10.36 
0.268 2 1 0 0 2.0000 2.0000 2.00 2.00 0.135 0.155 0.4856 0.5675 0.1213 0.0023 0.041877 3.061083 10.35 
0.269 2 1 0 0 2.0000 2.0000 2.00 2.00 0.118 0.101 0.5668 0.5753 0.1219 0.0023 0.044494 3.061085 10.35 
0.270 2 1 0 0 2.0000 2.0000 2.00 2.00 0.064 0.100 0.5064 0.5735 0.1223 0.0023 0.044494 3.061085 10.35 
0.271 2 1 0 0 2.0000 2.0000 2.00 2.00 0.133 0.093 0.4921 0.5493 0.1229 0.0023 0.041877 3.061088 10.35 
0.273 2 1 0 0 2.0000 2.0000 2.00 2.00 0.139 0.153 0.4793 0.5778 0.1239 0.0024 0.044494 3.061089 10.35 
0.274 2 1 0 0 2.0000 2.0000 2.00 2.00 0.150 0.136 0.5819 0.5686 0.1247 0.0024 0.044494 3.061088 10.35 
0.275 2 1 0 0 2.0000 2.0000 2.00 2.00 0.092 0.084 0.5715 0.5432 0.1251 0.0024 0.044494 3.061088 10.36 
0.276 2 1 0 0 2.0000 2.0000 2.00 2.00 0.076 0.126 0.4808 0.5706 0.1255 0.0025 0.044494 3.061087 10.36 
0.277 2 1 0 0 2.0000 2.0000 2.00 2.00 0.155 0.092 0.5493 0.5708 0.1263 0.0025 0.044494 3.061090 10.36 
0.278 2 1 0 0 2.0000 2.0000 2.00 2.00 0.131 0.143 0.5754 0.5733 0.1267 0.0025 0.044494 3.061091 10.35 
0.279 2 1 0 0 2.0000 2.0000 2.00 2.00 0.106 0.219 0.4550 0.5403 0.1273 0.0025 0.047111 3.061091 10.34 
0.280 2 1 0 0 2.0000 2.0000 2.00 2.00 0.155 0.127 0.5603 0.5686 0.1278 0.0026 0.047111 3.061087 10.35 
0.281 2 1 0 0 2.0000 2.0000 2.00 2.00 0.089 0.074 0.5699 0.5575 0.1284 0.0026 0.044494 3.061076 10.35 
0.282 2 1 0 0 2.0000 2.0000 2.00 2.00 0.093 0.114 0.4761 0.5467 0.1290 0.0026 0.047111 3.061068 10.35 
0.283 2 1 0 0 2.0000 2.0000 2.00 2.00 0.132 0.127 0.5547 0.5719 0.1294 0.0026 0.047111 3.061068 10.35 
0.284 2 1 0 0 2.0000 2.0000 2.00 2.00 0.171 0.150 0.5738 0.5756 0.1302 0.0027 0.047111 3.061072 10.35 
0.285 2 1 0 0 2.0000 2.0000 2.00 2.00 0.140 0.237 0.4980 0.5633 0.1306 0.0027 0.047111 3.061073 10.35 
0.286 2 1 0 0 2.0000 2.0000 2.00 2.00 0.227 0.112 0.5588 0.5713 0.1310 0.0027 0.047111 3.061078 10.35 
0.287 2 1 0 0 2.0000 2.0000 2.00 2.00 0.108 0.108 0.5655 0.5741 0.1318 0.0027 0.047111 3.061074 10.35 
0.288 2 1 0 0 2.0000 2.0000 2.00 2.00 0.092 0.154 0.5203 0.5392 0.1322 0.0028 0.047111 3.061071 10.35 
0.289 2 1 0 0 2.0000 2.0000 2.00 2.00 0.145 0.112 0.5523 0.6007 0.1328 0.0028 0.049729 3.061076 10.35 
0.290 2 1 0 0 2.0000 2.0000 2.00 2.00 0.143 0.177 0.4595 0.5791 0.1334 0.0028 0.047111 3.061072 10.34 
0.291 2 1 0 0 2.0000 2.0000 2.00 2.00 0.169 0.170 0.5878 0.5619 0.1338 0.0028 0.047111 3.061070 10.35 
0.292 2 1 0 0 2.0000 2.0000 2.00 2.00 0.179 0.092 0.5617 0.5903 0.1344 0.0029 0.049729 3.061072 10.35 
0.293 2 1 0 0 2.0000 2.0000 2.00 2.00 0.117 0.083 0.4460 0.5759 0.1348 0.0029 0.049729 3.061068 10.35 
0.294 2 1 0 0 2.0000 2.0000 2.00 2.00 0.098 0.122 0.4877 0.5739 0.1357 0.0029 0.049729 3.061069 10.35 
0.295 2 1 0 0 2.0000 2.0000 2.00 2.00 0.127 0.115 0.5575 0.6020 0.1361 0.0030 0.049729 3.061073 10.35 
0.296 2 1 0 0 2.0000 2.0000 2.00 2.00 0.116 0.179 0.5760 0.5722 0.1369 0.0030 0.049729 3.061076 10.35 
0.298 2 1 0 0 2.0000 2.0000 2.00 2.00 0.214 0.091 0.5598 0.5461 0.1377 0.0030 0.049729 3.061080 10.34 
0.299 2 1 0 0 2.0000 2.0000 2.00 2.00 0.145 0.112 0.5141 0.6188 0.1383 0.0031 0.052346 3.061073 10.35 
0.300 2 1 0 0 2.0000 2.0000 2.00 2.00 0.127 0.127 0.5035 0.5722 0.1389 0.0031 0.049729 3.061068 10.35 
0.301 2 1 0 0 2.0000 2.0000 2.00 2.00 0.089 0.157 0.5557 0.5744 0.1395 0.0031 0.052346 3.061072 10.35 
0.302 2 1 0 0 2.0000 2.0000 2.00 2.00 0.107 0.141 0.4831 0.5711 0.1399 0.0031 0.052346 3.061074 10.35 
0.303 2 1 0 0 2.0000 2.0000 2.00 2.00 0.128 0.128 0.5625 0.5712 0.1405 0.0032 0.049729 3.061082 10.35 
0.304 2 1 0 0 2.0000 2.0000 2.00 2.00 0.136 0.085 0.5610 0.5730 0.1411 0.0032 0.052346 3.061084 10.35 
0.305 2 1 0 0 2.0000 2.0000 2.00 2.00 0.111 0.127 0.4877 0.5502 0.1415 0.0032 0.052346 3.061076 10.34 
0.306 2 1 0 0 2.0000 2.0000 2.00 2.00 0.091 0.123 0.5059 0.5872 0.1423 0.0033 0.052346 3.061078 10.34 
0.308 2 1 0 0 2.0000 2.0000 2.00 2.00 0.136 0.109 0.4932 0.5608 0.1431 0.0033 0.052346 3.061077 10.34 
0.309 2 1 0 0 2.0000 2.0000 2.00 2.00 0.136 0.099 0.5017 0.5399 0.1438 0.0033 0.054963 3.061081 10.35 
0.310 2 1 0 0 2.0000 2.0000 2.00 2.00 0.153 0.109 0.5591 0.5688 0.1444 0.0034 0.052346 3.061074 10.35 
0.311 2 1 0 0 2.0000 2.0000 2.00 2.00 0.119 0.100 0.5837 0.5692 0.1450 0.0034 0.054963 3.061070 10.34 
0.312 2 1 0 0 2.0000 2.0000 2.00 2.00 0.090 0.157 0.4858 0.5714 0.1456 0.0034 0.052346 3.061074 10.34 
0.313 2 1 0 0 2.0000 2.0000 2.00 2.00 0.077 0.199 0.5582 0.5735 0.1460 0.0035 0.052346 3.061076 10.34 
0.314 2 1 0 0 2.0000 2.0000 2.00 2.00 0.122 0.131 0.5494 0.5674 0.1466 0.0035 0.054963 3.061085 10.34 
0.315 2 1 0 0 2.0000 2.0000 2.00 2.00 0.137 0.093 0.4938 0.5559 0.1470 0.0035 0.054963 3.061098 10.34 
0.316 2 1 0 0 2.0000 2.0000 2.00 2.00 0.128 0.127 0.5599 0.5620 0.1476 0.0036 0.052346 3.061097 10.35 
0.317 2 1 0 0 2.0000 2.0000 2.00 2.00 0.148 0.096 0.5414 0.5707 0.1482 0.0036 0.054963 3.061092 10.35 
0.318 2 1 0 0 2.0000 2.0000 2.00 2.00 0.099 0.157 0.5388 0.6091 0.1486 0.0036 0.054963 3.061089 10.35 
0.319 2 1 0 0 2.0000 2.0000 2.00 2.00 0.099 0.177 0.5554 0.5604 0.1494 0.0037 0.054963 3.061085 10.35 
0.321 2 1 0 0 2.0000 2.0000 2.00 2.00 0.162 0.115 0.5736 0.5733 0.1504 0.0037 0.057580 3.061086 10.35 
0.322 2 1 0 0 2.0000 2.0000 2.00 2.00 0.173 0.127 0.5610 0.5360 0.1510 0.0037 0.054963 3.061082 10.35 
0.323 2 1 0 0 2.0000 2.0000 2.00 2.00 0.154 0.108 0.5039 0.5763 0.1515 0.0038 0.054963 3.061080 10.34 
0.324 2 1 0 0 2.0000 2.0000 2.00 2.00 0.094 0.188 0.5702 0.5815 0.1521 0.0038 0.057580 3.061080 10.33 
0.325 2 1 0 0 2.0000 2.0000 2.00 2.00 0.116 0.174 0.5589 0.5612 0.1527 0.0038 0.054963 3.061081 10.32 
0.326 2 1 0 0 2.0000 2.0000 2.00 2.00 0.146 0.090 0.4643 0.5913 0.1533 0.0039 0.057580 3.061083 10.33 
0.327 2 1 0 0 2.0000 2.0000 2.00 2.00 0.106 0.089 0.5755 0.5753 0.1537 0.0039 0.057580 3.061077 10.34 
0.328 2 1 0 0 2.0000 2.0000 2.00 2.00 0.171 0.108 0.5673 0.5657 0.1545 0.0039 0.057580 3.061071 10.34 
0.329 2 1 0 0 2.0000 2.0000 2.00 2.00 0.179 0.074 0.4517 0.6020 0.1549 0.0040 0.057580 3.061066 10.34 
0.330 2 1 0 0 2.0000 2.0000 2.00 2.00 0.075 0.151 0.5711 0.5793 0.1553 0.0040 0.057580 3.061068 10.34 
0.332 2 1 0 0 2.0000 2.0000 2.00 2.00 0.127 0.079 0.6072 0.5465 0.1565 0.0041 0.057580 3.061068 10.34 
0.333 2 1 0 0 2.0000 2.0000 2.00 2.00 0.147 0.116 0.5834 0.6183 0.1571 0.0041 0.060198 3.061064 10.34 
0.334 2 1 0 0 2.0000 2.0000 2.00 2.00 0.175 0.122 0.5674 0.5739 0.1577 0.0041 0.057580 3.061056 10.34 
0.335 2 1 0 0 2.0000 2.0000 2.00 2.00 0.136 0.134 0.5216 0.5259 0.1581 0.0042 0.057580 3.061058 10.34 
0.337 2 1 0 0 2.0000 2.0000 2.00 2.00 0.147 0.131 0.5644 0.5729 0.1594 0.0042 0.057580 3.061053 10.35 
0.338 2 1 0 0 2.0000 2.0000 2.00 2.00 0.137 0.062 0.4902 0.5735 0.1600 0.0043 0.060198 3.061052 10.35 
0.339 2 1 0 0 2.0000 2.0000 2.00 2.00 0.145 0.110 0.5808 0.5510 0.1604 0.0043 0.060198 3.061049 10.34 
0.340 2 1 0 0 2.0000 2.0000 2.00 2.00 0.173 0.116 0.5715 0.5719 0.1610 0.0043 0.057580 3.061047 10.34 
0.341 2 1 0 0 2.0000 2.0000 2.00 2.00 0.113 0.123 0.4931 0.5792 0.1616 0.0044 0.060198 3.061048 10.35 
0.342 2 1 0 0 2.0000 2.0000 2.00 2.00 0.087 0.162 0.5784 0.5631 0.1620 0.0044 0.060198 3.061050 10.35 
0.343 2 1 0 0 2.0000 2.0000 2.00 2.00 0.111 0.112 0.5677 0.5447 0.1628 0.0044 0.060198 3.061047 10.35 
0.344 2 1 0 0 2.0000 2.0000 2.00 2.00 0.140 0.077 0.5008 0.5727 0.1632 0.0045 0.060198 3.061044 10.34 
0.345 2 1 0 0 2.0000 2.0000 2.00 2.00 0.124 0.113 0.5796 0.5682 0.1636 0.0045 0.060198 3.061045 10.32 
0.346 2 1 0 0 2.0000 2.0000 2.00 2.00 0.173 0.135 0.5683 0.5757 0.1644 0.0045 0.060198 3.061050 10.32 
0.347 2 1 0 0 2.0000 2.0000 2.00 2.00 0.113 0.173 0.5922 0.5779 0.1648 0.0045 0.060198 3.061050 10.33 
0.348 2 1 0 0 2.0000 2.0000 2.00 2.00 0.064 0.158 0.5739 0.5728 0.1654 0.0046 0.062815 3.061047 10.34 
0.349 2 1 0 0 2.0000 2.0000 2.00 2.00 0.132 0.096 0.5656 0.5595 0.1660 0.0046 0.060198 3.061047 10.34 
0.350 2 1 0 0 2.0000 2.0000 2.00 2.00 0.116 0.089 0.5566 0.5743 0.1664 0.0046 0.060198 3.061047 10.33 
0.351 2 1 0 0 2.0000 2.0000 2.00 2.00 0.132 0.118 0.5479 0.5745 0.1670 0.0047 0.062815 3.061050 10.33 
0.352 2 1 0 0 2.0000 2.0000 2.00 2.00 0.158 0.143 0.5662 0.6124 0.1677 0.0047 0.060198 3.061051 10.32 
0.353 2 1 0 0 2.0000 2.0000 2.00 2.00 0.109 0.138 0.5488 0.5643 0.1683 0.0048 0.062815 3.061052 10.32 
0.354 2 1 0 0 2.0000 2.0000 2.00 2.00 0.066 0.131 0.5775 0.5739 0.1687 0.0048 0.062815 3.061049 10.32 
0.355 2 1 0 0 2.0000 2.0000 2.00 2.00 0.060 0.094 0.5632 0.5768 0.1695 0.0048 0.062815 3.061051 10.34 
0.356 2 1 0 0 2.0000 2.0000 2.00 2.00 0.100 0.115 0.5300 0.5417 0.1699 0.0049 0.062815 3.061051 10.38 
0.357 2 1 0 0 2.0000 2.0000 2.00 2.00 0.138 0.125 0.5798 0.5761 0.1703 0.0049 0.062815 3.061047 10.35 
0.358 2 1 0 0 2.0000 2.0000 2.00 2.00 0.134 0.180 0.5667 0.5820 0.1711 0.0049 0.062815 3.061042 10.34 
0.359 2 1 0 0 2.0000 2.0000 2.00 2.00 0.131 0.142 0.5102 0.5640 0.1715 0.0050 0.062815 3.061038 10.34 
0.360 2 1 0 0 2.0000 2.0000 2.00 2.00 0.090 0.102 0.5769 0.5928 0.1721 0.0050 0.065432 3.061032 10.34 
0.361 2 1 0 0 2.0000 2.0000 2.00 2.00 0.093 0.085 0.5649 0.5771 0.1727 0.0050 0.062815 3.061026 10.34 
0.362 2 1 0 0 2.0000 2.0000 2.00 2.00 0.126 0.073 0.4671 0.5699 0.1733 0.0051 0.065432 3.061032 10.34 
0.363 2 1 0 0 2.0000 2.0000 2.00 2.00 0.163 0.113 0.5811 0.6042 0.1737 0.0051 0.065432 3.061033 10.34 
0.364 2 1 0 0 2.0000 2.0000 2.00 2.00 0.159 0.147 0.5715 0.5812 0.1743 0.0051 0.062815 3.061030 10.33 
0.365 2 1 0 0 2.0000 2.0000 2.00 2.00 0.155 0.112 0.4525 0.5729 0.1749 0.0052 0.065432 3.061024 10.34 
0.366 2 1 0 0 2.0000 2.0000 2.00 2.00 0.063 0.108 0.5763 0.5484 0.1753 0.0052 0.065432 3.061016 10.34 
0.367 2 1 0 0 2.0000 2.0000 2.00 2.00 0.081 0.129 0.5641 0.6180 0.1762 0.0053 0.065432 3.061014 10.34 
0.368 2 1 0 0 2.0000 2.0000 2.00 2.00 0.108 0.098 0.6069 0.5749 0.1766 0.0053 0.065432 3.061015 10.34 
0.369 2 1 0 0 2.0000 2.0000 2.00 2.00 0.121 0.182 0.5593 0.5305 0.1770 0.0053 0.065432 3.061016 10.34 
0.370 2 1 0 0 2.0000 2.0000 2.00 2.00 0.163 0.184 0.5664 0.5720 0.1778 0.0054 0.065432 3.061012 10.33 
0.371 2 1 0 0 2.0000 2.0000 2.00 2.00 0.141 0.096 0.5179 0.5742 0.1782 0.0054 0.065432 3.061011 10.33 
0.372 2 1 0 0 2.0000 2.0000 2.00 2.00 0.063 0.078 0.5697 0.5759 0.1788 0.0054 0.068050 3.061010 10.33 
0.373 2 1 0 0 2.0000 2.0000 2.00 2.00 0.065 0.108 0.5569 0.5522 0.1794 0.0055 0.065432 3.061006 10.33 
0.374 2 1 0 0 2.0000 2.0000 2.00 2.00 0.144 0.061 0.4838 0.5710 0.1798 0.0055 0.065432 3.061010 10.33 
0.375 2 1 0 0 2.0000 2.0000 2.00 2.00 0.108 0.161 0.5615 0.5788 0.1806 0.0056 0.065432 3.061014 10.33 
0.376 2 1 0 0 2.0000 2.0000 2.00 2.00 0.153 0.149 0.5630 0.5602 0.1810 0.0056 0.065432 3.061007 10.33 
0.377 2 1 0 0 2.0000 2.0000 2.00 2.00 0.126 0.096 0.4871 0.5396 0.1816 0.0056 0.068050 3.061001 10.33 
0.378 2 1 0 0 2.0000 2.0000 2.00 2.00 0.093 0.101 0.5681 0.5733 0.1820 0.0057 0.068050 3.060991 10.33 
0.379 2 1 0 0 2.0000 2.0000 2.00 2.00 0.086 0.108 0.5585 0.5684 0.1826 0.0057 0.065432 3.060988 10.33 
0.380 2 1 0 0 2.0000 2.0000 2.00 2.00 0.143 0.141 0.4945 0.5735 0.1832 0.0057 0.068050 3.061001 10.33 
0.381 2 1 0 0 2.0000 2.0000 2.00 2.00 0.107 0.237 0.5719 0.5757 0.1836 0.0058 0.068050 3.061002 10.33 
0.382 2 1 0 0 2.0000 2.0000 2.00 2.00 0.224 0.199 0.5619 0.5687 0.1845 0.0058 0.068050 3.061000 10.33 
0.383 2 1 0 0 2.0000 2.0000 2.00 2.00 0.172 0.084 0.5845 0.5589 0.1849 0.0058 0.068050 3.061000 10.37 
0.384 2 1 0 0 2.0000 2.0000 2.00 2.00 0.074 0.096 0.5727 0.5718 0.1853 0.0059 0.068050 3.060992 10.35 
0.385 2 1 0 0 2.0000 2.0000 2.00 2.00 0.078 0.130 0.5582 0.5723 0.1861 0.0059 0.068050 3.060983 10.35 
0.386 2 1 0 0 2.0000 2.0000 2.00 2.00 0.174 0.142 0.5476 0.6107 0.1865 0.0060 0.068050 3.060980 10.34 
0.387 2 1 0 0 2.0000 2.0000 2.00 2.00 0.145 0.167 0.5768 0.5622 0.1871 0.0060 0.070667 3.060973 10.34 
0.388 2 1 0 0 2.0000 2.0000 2.00 2.00 0.143 0.160 0.4587 0.5727 0.1875 0.0060 0.070667 3.060963 10.34 
0.389 2 1 0 0 2.0000 2.0000 2.00 2.00 0.170 0.120 0.5441 0.5756 0.1883 0.0061 0.070667 3.060960 10.34 
0.390 2 1 0 0 2.0000 2.0000 2.00 2.00 0.100 0.138 0.5720 0.5403 0.1887 0.0061 0.070667 3.060956 10.35 
0.391 2 1 0 0 2.0000 2.0000 2.00 2.00 0.112 0.103 0.4792 0.5752 0.1891 0.0061 0.070667 3.060956 10.34 
0.392 2 1 0 0 2.0000 2.0000 2.00 2.00 0.178 0.159 0.5284 0.5803 0.1899 0.0062 0.070667 3.060959 10.34 
0.393 2 1 0 0 2.0000 2.0000 2.00 2.00 0.140 0.185 0.5792 0.5636 0.1903 0.0062 0.070667 3.060954 10.34 
0.394 2 1 0 0 2.0000 2.0000 2.00 2.00 0.169 0.119 0.5077 0.5938 0.1909 0.0063 0.073284 3.060950 10.35 
0.395 2 1 0 0 2.0000 2.0000 2.00 2.00 0.157 0.080 0.5108 0.5765 0.1915 0.0063 0.070667 3.060947 10.34 
0.396 2 1 0 0 2.0000 2.0000 2.00 2.00 0.103 0.115 0.5776 0.5666 0.1919 0.0063 0.070667 3.060946 10.34 
0.397 2 1 0 0 2.0000 2.0000 2.00 2.00 0.121 0.134 0.5320 0.6002 0.1927 0.0064 0.070667 3.060945 10.33 
0.398 2 1 0 0 2.0000 2.0000 2.00 2.00 0.103 0.141 0.4697 0.5844 0.1932 0.0064 0.070667 3.060947 10.32 
0.399 2 1 0 0 2.0000 2.0000 2.00 2.00 0.162 0.132 0.5820 0.5721 0.1938 0.0065 0.073284 3.060953 10.33 
0.400 2 1 0 0 2.0000 2.0000 2.00 2.00 0.189 0.096 0.5728 0.5461 0.1944 0.0065 0.070667 3.060953 10.32 
0.401 2 1 0 0 2.0000 2.0000 2.00 2.00 0.124 0.080 0.4558 0.6208 0.1950 0.0066 0.073284 3.060950 10.33 
0.402 2 1 0 0 2.0000 2.0000 2.00 2.00 0.072 0.142 0.5765 0.5729 0.1954 0.0066 0.073284 3.060951 10.33 
0.403 2 1 0 0 2.0000 2.0000 2.00 2.00 0.059 0.176 0.4986 0.5289 0.1958 0.0066 0.073284 3.060947 10.32 
0.404 2 1 0 0 2.0000 2.0000 2.00 2.00 0.091 0.147 0.6113 0.5714 0.1966 0.0067 0.073284 3.060947 10.32 
0.405 2 1 0 0 2.0000 2.0000 2.00 2.00 0.147 0.136 0.5872 0.5735 0.1970 0.0067 0.073284 3.060943 10.32 
0.406 2 1 0 0 2.0000 2.0000 2.00 2.00 0.141 0.131 0.5723 0.5723 0.1978 0.0068 0.073284 3.060940 10.34 
0.407 2 1 0 0 2.0000 2.0000 2.00 2.00 0.136 0.105 0.5245 0.5550 0.1982 0.0068 0.073284 3.060947 10.34 
0.408 2 1 0 0 2.0000 2.0000 2.00 2.00 0.092 0.109 0.5813 0.5734 0.1986 0.0068 0.073284 3.060951 10.37 
0.409 2 1 0 0 2.0000 2.0000 2.00 2.00 0.079 0.157 0.5659 0.5822 0.1994 0.0069 0.073284 3.060951 10.35 
0.410 2 1 0 0 2.0000 2.0000 2.00 2.00 0.107 0.112 0.4917 0.5646 0.1998 0.0069 0.073284 3.060949 10.34 
0.411 2 1 0 0 2.0000 2.0000 2.00 2.00 0.140 0.131 0.5862 0.5434 0.2004 0.0070 0.075902 3.060952 10.35 
0.412 2 1 0 0 2.0000 2.0000 2.00 2.00 0.137 0.124 0.5751 0.5750 0.2010 0.0070 0.073284 3.060955 10.36 
0.413 2 1 0 0 2.0000 2.0000 2.00 2.00 0.166 0.098 0.4963 0.5721 0.2014 0.0070 0.073284 3.060956 10.35 
0.414 2 1 0 0 2.0000 2.0000 2.00 2.00 0.098 0.153 0.5786 0.5760 0.2021 0.0071 0.075902 3.060953 10.34 
0.415 2 1 0 0 2.0000 2.0000 2.00 2.00 0.074 0.213 0.5650 0.5783 0.2027 0.0071 0.073284 3.060949 10.34 
0.416 2 1 0 0 2.0000 2.0000 2.00 2.00 0.168 0.139 0.4978 0.5721 0.2033 0.0072 0.075902 3.060948 10.35 
0.417 2 1 0 0 2.0000 2.0000 2.00 2.00 0.147 0.108 0.5731 0.5610 0.2037 0.0072 0.075902 3.060943 10.35 
0.418 2 1 0 0 2.0000 2.0000 2.00 2.00 0.138 0.131 0.5625 0.5747 0.2043 0.0072 0.073284 3.060947 10.35 
0.419 2 1 0 0 2.0000 2.0000 2.00 2.00 0.142 0.123 0.5844 0.5756 0.2049 0.0073 0.075902 3.060955 10.35 
0.420 2 1 0 0 2.0000 2.0000 2.00 2.00 0.080 0.169 0.5755 0.6136 0.2053 0.0073 0.075902 3.060963 10.35 
0.421 2 1 0 0 2.0000 2.0000 2.00 2.00 0.084 0.196 0.5594 0.5647 0.2061 0.0074 0.075902 3.060969 10.35 
0.422 2 1 0 0 2.0000 2.0000 2.00 2.00 0.123 0.127 0.5506 0.5740 0.2065 0.0074 0.075902 3.060969 10.34 
0.423 2 1 0 0 2.0000 2.0000 2.00 2.00 0.124 0.117 0.5768 0.5775 0.2071 0.0075 0.078519 3.060974 10.33 
0.424 2 1 0 0 2.0000 2.0000 2.00 2.00 0.166 0.122 0.5566 0.5427 0.2077 0.0075 0.075902 3.060988 10.33 
0.425 2 1 0 0 2.0000 2.0000 2.00 2.00 0.147 0.102 0.5479 0.5775 0.2081 0.0075 0.075902 3.061001 10.33 
0.426 2 1 0 0 2.0000 2.0000 2.00 2.00 0.083 0.195 0.5738 0.5829 0.2087 0.0076 0.078519 3.061010 10.34 
0.427 2 1 0 0 2.0000 2.0000 2.00 2.00 0.088 0.186 0.5578 0.5655 0.2093 0.0076 0.075902 3.061012 10.34 
0.428 2 1 0 0 2.0000 2.0000 2.00 2.00 0.174 0.124 0.5261 0.5953 0.2099 0.0077 0.078519 3.061004 10.34 
0.429 2 1 0 0 2.0000 2.0000 2.00 2.00 0.138 0.115 0.5769 0.5767 0.2103 0.0077 0.078519 3.060992 10.34 
0.430 2 1 0 0 2.0000 2.0000 2.00 2.00 0.159 0.093 0.5044 0.5697 0.2112 0.0078 0.078519 3.060990 10.34 
0.431 2 1 0 0 2.0000 2.0000 2.00 2.00 0.159 0.091 0.5057 0.6046 0.2116 0.0078 0.078519 3.060996 10.35 
0.432 2 1 0 0 2.0000 2.0000 2.00 2.00 0.069 0.158 0.5714 0.5785 0.2120 0.0078 0.078519 3.061005 10.34 
0.433 2 1 0 0 2.0000 2.0000 2.00 2.00 0.092 0.153 0.5286 0.5707 0.2128 0.0079 0.078519 3.061017 10.34 
0.434 2 1 0 0 2.0000 2.0000 2.00 2.00 0.119 0.053 0.4646 0.5464 0.2132 0.0079 0.078519 3.061012 10.37 
0.435 2 1 0 0 2.0000 2.0000 2.00 2.00 0.101 0.100 0.5771 0.6181 0.2138 0.0080 0.081136 3.061000 10.35 
0.436 2 1 0 0 2.0000 2.0000 2.00 2.00 0.143 0.100 0.5649 0.5725 0.2144 0.0080 0.078519 3.061011 10.35 
0.437 2 1 0 0 2.0000 2.0000 2.00 2.00 0.134 0.150 0.4533 0.5262 0.2148 0.0081 0.078519 3.061013 10.35 
0.438 2 1 0 0 2.0000 2.0000 2.00 2.00 0.079 0.203 0.5718 0.5707 0.2154 0.0081 0.081136 3.061006 10.37 
0.439 2 1 0 0 2.0000 2.0000 2.00 2.00 0.105 0.129 0.4930 0.5691 0.2158 0.0081 0.081136 3.061006 10.36 
0.440 2 1 0 0 2.0000 2.0000 2.00 2.00 0.085 0.086 0.6096 0.5734 0.2166 0.0082 0.081136 3.060998 10.35 
0.441 2 1 0 0 2.0000 2.0000 2.00 2.00 0.114 0.111 0.5840 0.5505 0.2170 0.0082 0.081136 3.060994 10.36 
0.442 2 1 0 0 2.0000 2.0000 2.00 2.00 0.193 0.093 0.4963 0.5725 0.2174 0.0083 0.081136 3.061003 10.35 
0.443 2 1 0 0 2.0000 2.0000 2.00 2.00 0.143 0.113 0.5201 0.5790 0.2182 0.0083 0.081136 3.061005 10.35 
0.444 2 1 0 0 2.0000 2.0000 2.00 2.00 0.116 0.140 0.5762 0.5628 0.2186 0.0084 0.081136 3.061002 10.34 
0.445 2 1 0 0 2.0000 2.0000 2.00 2.00 0.129 0.113 0.5067 0.5414 0.2192 0.0084 0.083753 3.061000 10.35 
0.446 2 1 0 0 2.0000 2.0000 2.00 2.00 0.118 0.069 0.4890 0.5747 0.2198 0.0085 0.081136 3.060994 10.35 
0.447 2 1 0 0 2.0000 2.0000 2.00 2.00 0.127 0.108 0.5781 0.5716 0.2203 0.0085 0.081136 3.060988 10.35 
0.448 2 1 0 0 2.0000 2.0000 2.00 2.00 0.140 0.154 0.5659 0.5751 0.2211 0.0086 0.081136 3.060989 10.34 
0.449 2 1 0 0 2.0000 2.0000 2.00 2.00 0.077 0.202 0.4935 0.5774 0.2215 0.0086 0.081136 3.060991 10.34 
0.450 2 1 0 0 2.0000 2.0000 2.00 2.00 0.063 0.160 0.5705 0.5714 0.2221 0.0087 0.083753 3.060984 10.35 
0.451 2 1 0 0 2.0000 2.0000 2.00 2.00 0.075 0.103 0.5137 0.5598 0.2225 0.0087 0.083753 3.060974 10.35 
0.452 2 1 0 0 2.0000 2.0000 2.00 2.00 0.096 0.076 0.4991 0.5749 0.2231 0.0087 0.081136 3.060964 10.34 
0.453 2 1 0 0 2.0000 2.0000 2.00 2.00 0.136 0.112 0.5763 0.5750 0.2237 0.0088 0.083753 3.060959 10.35 
0.454 2 1 0 0 2.0000 2.0000 2.00 2.00 0.146 0.150 0.4839 0.6135 0.2241 0.0088 0.083753 3.060966 10.35 
0.455 2 1 0 0 2.0000 2.0000 2.00 2.00 0.135 0.165 0.5882 0.5635 0.2249 0.0089 0.083753 3.060969 10.34 
0.456 2 1 0 0 2.0000 2.0000 2.00 2.00 0.093 0.150 0.5780 0.5754 0.2253 0.0089 0.083753 3.060960 10.34 
0.457 2 1 0 0 2.0000 2.0000 2.00 2.00 0.091 0.103 0.4877 0.5779 0.2259 0.0090 0.086371 3.060951 10.35 
0.458 2 1 0 0 2.0000 2.0000 2.00 2.00 0.124 0.102 0.5536 0.5424 0.2265 0.0090 0.083753 3.060946 10.34 
0.459 2 1 0 0 2.0000 2.0000 2.00 2.00 0.200 0.109 0.5796 0.5777 0.2269 0.0091 0.083753 3.060948 10.34 
0.460 2 1 0 0 2.0000 2.0000 2.00 2.00 0.157 0.184 0.4620 0.5837 0.2275 0.0091 0.086371 3.060950 10.34 
0.461 2 1 0 0 2.0000 2.0000 2.00 2.00 0.151 0.158 0.5472 0.5656 0.2281 0.0092 0.083753 3.060947 10.34 
0.462 2 1 0 0 2.0000 2.0000 2.00 2.00 0.112 0.134 0.5764 0.5956 0.2287 0.0092 0.086371 3.060942 10.34 
0.463 2 1 0 0 2.0000 2.0000 2.00 2.00 0.093 0.071 0.4813 0.5793 0.2291 0.0093 0.086371 3.060935 10.35 
0.464 2 1 0 0 2.0000 2.0000 2.00 2.00 0.159 0.069 0.5281 0.5777 0.2300 0.0093 0.086371 3.060927 10.37 
0.465 2 1 0 0 2.0000 2.0000 2.00 2.00 0.169 0.080 0.5791 0.6065 0.2304 0.0094 0.086371 3.060924 10.35 
0.466 2 1 0 0 2.0000 2.0000 2.00 2.00 0.139 0.144 0.5065 0.5834 0.2308 0.0094 0.086371 3.060930 10.35 
0.467 2 1 0 0 2.0000 2.0000 2.00 2.00 0.165 0.082 0.5082 0.5772 0.2316 0.0095 0.086371 3.060930 10.35 
0.468 2 1 0 0 2.0000 2.0000 2.00 2.00 0.086 0.070 0.5751 0.5511 0.2320 0.0095 0.086371 3.060926 10.35 
0.469 2 1 0 0 2.0000 2.0000 2.00 2.00 0.075 0.107 0.5295 0.6228 0.2326 0.0096 0.088988 3.060926 10.35 
0.470 2 1 0 0 2.0000 2.0000 2.00 2.00 0.135 0.096 0.4664 0.5773 0.2332 0.0096 0.086371 3.060931 10.35 
0.471 2 1 0 0 2.0000 2.0000 2.00 2.00 0.159 0.151 0.5796 0.5293 0.2336 0.0096 0.086371 3.060935 10.35 
0.472 2 1 0 0 2.0000 2.0000 2.00 2.00 0.182 0.197 0.5995 0.5735 0.2342 0.0097 0.088988 3.060936 10.35 
0.473 2 1 0 0 2.0000 2.0000 2.00 2.00 0.209 0.122 0.4538 0.5760 0.2348 0.0098 0.086371 3.060931 10.36 
0.474 2 1 0 0 2.0000 2.0000 2.00 2.00 0.101 0.112 0.5755 0.5770 0.2354 0.0098 0.088988 3.060926 10.35 
0.475 2 1 0 0 2.0000 2.0000 2.00 2.00 0.072 0.127 0.4955 0.5547 0.2358 0.0098 0.088988 3.060931 10.35 
0.476 2 1 0 0 2.0000 2.0000 2.00 2.00 0.113 0.078 0.6070 0.5916 0.2366 0.0099 0.088988 3.060940 10.35 
0.478 2 1 0 0 2.0000 2.0000 2.00 2.00 0.169 0.152 0.4986 0.5670 0.2374 0.0100 0.088988 3.060962 10.35 
0.479 2 1 0 0 2.0000 2.3.060970 10.35 
0.480 2 1 0 0 2.0000 2.0000 2.00 2.00 0.053 0.089 0.5776 0.5756 0.2386 0.0101 0.088988 3.060970 10.34 
0.481 2 1 0 0 2.0000 2.0000 2.00 2.00 0.079 0.116 0.5089 0.5772 0.2392 0.0101 0.091605 3.060966 10.35 
0.482 2 1 0 0 2.0000 2.0000 2.00 2.00 0.113 0.112 0.4896 0.5775 0.2399 0.0102 0.088988 3.060973 10.35 
0.483 2 1 0 0 2.0000 2.0000 2.00 2.00 0.108 0.195 0.5860 0.5817 0.2403 0.0102 0.088988 3.060979 10.35 
0.485 2 1 0 0 2.0000 2.0000 2.00 2.00 0.124 0.108 0.4946 0.5629 0.2415 0.0103 0.088988 3.060977 10.35 
0.486 2 1 0 0 2.0000 2.0000 2.00 2.00 0.068 0.105 0.5765 0.5526 0.2421 0.0104 0.091605 3.060975 10.35 
0.487 2 1 0 0 2.0000 2.0000 2.00 2.00 0.105 0.134 0.5134 0.5775 0.2425 0.0104 0.091605 3.060981 10.35 
0.488 2 1 0 0 2.0000 2.0000 2.00 2.00 0.143 0.176 0.4997 0.5841 0.2433 0.0105 0.091605 3.060990 10.35 
0.489 2 1 0 0 2.0000 2.0000 2.00 2.00 0.142 0.176 0.5759 0.5665 0.2437 0.0106 0.091605 3.060999 10.36 
0.490 2 1 0 0 2.0000 2.0000 2.00 2.00 0.163 0.142 0.4836 0.5770 0.2441 0.0106 0.091605 3.061002 10.37 
0.491 2 1 0 0 2.0000 2.0000 2.00 2.00 0.124 0.077 0.5873 0.5807 0.2449 0.0107 0.091605 3.061003 10.36 
0.492 2 1 0 0 2.0000 2.0000 2.00 2.00 0.096 0.147 0.5767 0.5442 0.2453 0.0107 0.091605 3.061001 10.34 
0.493 2 1 0 0 2.0000 2.0000 2.00 2.00 0.120 0.133 0.4872 0.6066 0.2459 0.0108 0.094223 3.060995 10.35 
0.495 2 1 0 0 2.0000 2.0000 2.00 2.00 0.130 0.143 0.5787 0.5675 0.2471 0.0109 0.094223 3.060994 10.35 
0.496 2 1 0 0 2.0000 2.0000 2.00 2.00 0.130 0.142 0.4612 0.5957 0.2475 0.0109 0.094223 3.060986 10.35 
0.497 2 1 0 0 2.0000 2.0000 2.00 2.00 0.130 0.100 0.5454 0.5788 0.2481 0.0110 0.091605 3.060979 10.35 
0.498 2 1 0 0 2.0000 2.0000 2.00 2.00 0.113 0.110 0.5734 0.5755 0.2487 0.0110 0.094223 3.060978 10.36 
0.499 2 1 0 0 2.0000 2.0000 2.00 2.00 0.108 0.151 0.4818 0.6019 0.2491 0.0111 0.094223 3.060970 10.35 
0.500 2 1 0 0 2.0000 2.0000 2.00 2.00 0.120 0.123 0.5254 0.5707 0.2500 0.0111 0.094223 3.060962 10.35 
0.501 2 1 0 0 2.0000 2.0000 2.00 2.00 0.147 0.143 0.5771 0.5763 0.2504 0.0112 0.094223 3.060959 10.35 
0.502 2 1 0 0 2.0000 2.0000 2.00 2.00 0.147 0.093 0.5076 0.5487 0.2508 0.0112 0.094223 3.060944 10.35 
0.503 2 1 0 0 2.0000 2.0000 2.00 2.00 0.132 0.093 0.5058 0.6172 0.2516 0.0113 0.094223 3.060943 10.35 
0.504 2 1 0 0 2.0000 2.0000 2.00 2.00 0.128 0.124 0.5753 0.5774 0.2520 0.0113 0.094223 3.060952 10.35 
0.505 2 1 0 0 2.0000 2.0000 2.00 2.00 0.117 0.176 0.5284 0.5781 0.2526 0.0114 0.096840 3.060946 10.35 
0.506 2 1 0 0 2.0000 2.0000 2.00 2.00 0.132 0.173 0.4655 0.5710 0.2532 0.0114 0.094223 3.060938 10.35 
0.507 2 1 0 0 2.0000 2.0000 2.00 2.00 0.160 0.090 0.5768 0.5794 0.2538 0.0115 0.096840 3.060929 10.36 
0.508 2 1 0 0 2.0000 2.0000 2.00 2.00 0.136 0.094 0.5986 0.5731 0.2542 0.0115 0.096840 3.060914 10.34 
0.509 2 1 0 0 2.0000 2.0000 2.00 2.00 0.162 0.077 0.4514 0.5539 0.2548 0.0116 0.094223 3.060900 10.35 
0.510 2 1 0 0 2.0000 2.0000 2.00 2.00 0.115 0.101 0.5718 0.5913 0.2554 0.0117 0.096840 3.060894 10.35 
0.511 2 1 0 0 2.0000 2.0000 2.00 2.00 0.078 0.135 0.4953 0.5795 0.2558 0.0117 0.096840 3.060893 10.35 
0.512 2 1 0 0 2.0000 2.0000 2.00 2.00 0.098 0.119 0.6067 0.5698 0.2566 0.0118 0.096840 3.060894 10.36 
0.514 2 1 0 0 2.0000 2.0000 2.00 2.00 0.122 0.114 0.4992 0.5771 0.2574 0.0119 0.096840 3.060903 10.35 
0.515 2 1 0 0 2.0000 2.0000 2.00 2.00 0.148 0.109 0.5241 0.5744 0.2582 0.0119 0.096840 3.060896 10.35 
0.516 2 1 0 0 2.0000 2.0000 2.00 2.00 0.115 0.184 0.5739 0.5763 0.2586 0.0120 0.096840 3.060889 10.35 
0.517 2 1 0 0 2.0000 2.0000 2.00 2.00 0.064 0.189 0.5036 0.5445 0.2592 0.0120 0.099457 3.060875 10.35 
0.518 2 1 0 0 2.0000 2.0000 2.00 2.00 0.161 0.120 0.4857 0.5695 0.2598 0.0121 0.096840 3.060865 10.34 
0.519 2 1 0 0 2.0000 2.0000 2.00 2.00 0.110 0.085 0.5771 0.5649 0.2603 0.0121 0.096840 3.060855 10.34 
0.520 2 1 0 0 2.0000 2.0000 2.00 2.00 0.141 0.100 0.5635 0.5538 0.2609 0.0122 0.099457 3.060850 10.35 
0.521 2 1 0 0 2.0000 2.0000 2.00 2.00 0.154 0.088 0.4899 0.5763 0.2615 0.0122 0.096840 3.060856 10.35 
0.522 2 1 0 0 2.0000 2.0000 2.00 2.00 0.058 0.126 0.5682 0.5827 0.2621 0.0123 0.099457 3.060863 10.35 
0.523 2 1 0 0 2.0000 2.0000 2.00 2.00 0.089 0.158 0.5125 0.5645 0.2625 0.0123 0.099457 3.060862 10.35 
0.524 2 1 0 0 2.0000 2.0000 2.00 2.00 0.163 0.122 0.4958 0.5985 0.2633 0.0124 0.099457 3.060854 10.35 
0.525 2 1 0 0 2.0000 2.0000 2.00 2.00 0.156 0.070 0.5718 0.5836 0.2637 0.0125 0.099457 3.060846 10.35 
0.526 2 1 0 0 2.0000 2.0000 2.00 2.00 0.150 0.125 0.4846 0.5429 0.2641 0.0125 0.099457 3.060833 10.35 
0.527 2 1 0 0 2.0000 2.0000 2.00 2.00 0.207 0.108 0.5862 0.6058 0.2649 0.0126 0.099457 3.060822 10.35 
0.528 2 1 0 0 2.0000 2.0000 2.00 2.00 0.086 0.203 0.5724 0.5843 0.2653 0.0126 0.099457 3.060815 10.35 
0.529 2 1 0 0 2.0000 2.0000 2.00 2.00 0.095 0.161 0.4883 0.5777 0.2659 0.0127 0.102075 3.060810 10.35 
