%% logfile from REGBOT:
%  1    time 5.1378 sec, from Jasmin (81)
%  2  3  4  5   (mission 0), state 8, entered (thread 1, line 4), events 0x0 (bit-flags)
%  6  7 Motor velocity ref left, right: 2.1889 3.1027
%  8  9 Motor voltage [V] left, right: 2.19 3.10
% 10 13 Wheel velocity [m/s] left, right: 0.4958 0.7440 delay 0.0008 0.0007 (sec)
% 14 15 16 17 Pose x,y,h,tilt [m,m,rad,rad]: 1.05999 -0.697135 -2.48009 -0.917783
% 18    Battery voltage [V]
0.0080 2 1 0 0x0 0.0135 0.0135 0.01 0.01 0.0000 -0.0000 0.1000 0.1000 0.0000 0.0000 0.000000 -0.656891 12.14 
0.0180 2 1 0 0x0 0.0285 0.0285 0.03 0.03 0.0000 -0.0000 0.1000 0.1000 0.0000 0.0000 0.000000 -0.656902 12.15 
0.0280 2 1 0 0x0 0.0435 0.0435 0.04 0.04 0.0000 -0.0000 0.1000 0.1000 0.0000 0.0000 0.000000 -0.656920 12.14 
0.0380 2 1 0 0x0 0.0585 0.0585 0.06 0.06 0.0000 -0.0000 0.1000 0.1000 0.0000 0.0000 0.000000 -0.656948 12.14 
0.0480 2 1 0 0x0 0.0735 0.0735 0.07 0.07 0.0000 -0.0000 0.1000 0.1000 0.0000 0.0000 0.000000 -0.656943 12.14 
0.0580 2 1 0 0x0 0.0885 0.0885 0.09 0.09 0.0000 -0.0000 0.1000 0.1000 0.0000 0.0000 0.000000 -0.656953 12.13 
0.0680 2 1 0 0x0 0.1035 0.1035 0.10 0.10 0.0000 -0.0000 0.1000 0.1000 0.0000 0.0000 0.000000 -0.656968 12.15 
0.0780 2 1 0 0x0 0.1185 0.1185 0.12 0.12 0.0000 -0.0000 0.1000 0.1000 0.0000 0.0000 0.000000 -0.657010 12.14 
0.0880 2 1 0 0x0 0.1335 0.1335 0.13 0.13 0.0000 -0.0000 0.1000 0.1000 0.0000 0.0000 0.000000 -0.657008 12.14 
0.0980 2 1 0 0x0 0.1485 0.1485 0.15 0.15 0.0000 -0.0000 0.1000 0.1000 0.0000 0.0000 0.000000 -0.657037 12.15 
0.1080 2 1 0 0x0 0.1635 0.1635 0.16 0.16 0.0000 -0.0000 0.1000 0.1000 0.0000 0.0000 0.000000 -0.657054 12.14 
0.1180 2 1 0 0x0 0.1785 0.1785 0.18 0.18 0.0000 -0.0000 0.1000 0.1000 0.0000 0.0000 0.000000 -0.657098 12.14 
0.1280 2 1 0 0x0 0.1935 0.1935 0.19 0.19 0.0000 -0.0000 0.1000 0.1000 0.0000 0.0000 0.000000 -0.657124 12.14 
0.1380 2 1 0 0x0 0.2085 0.2085 0.21 0.21 0.0000 -0.0000 0.1000 0.1000 0.0000 0.0000 0.000000 -0.657140 12.14 
0.1480 2 1 0 0x0 0.2235 0.2235 0.22 0.22 0.0000 -0.0000 0.1000 0.1000 0.0000 0.0000 0.000000 -0.657148 12.14 
0.1580 2 1 0 0x0 0.2385 0.2385 0.24 0.24 0.0000 -0.0000 0.1000 0.1000 0.0000 0.0000 0.000000 -0.657177 12.15 
0.1680 2 1 0 0x0 0.2535 0.2535 0.25 0.25 0.0000 -0.0000 0.1000 0.1000 0.0000 0.0000 0.000000 -0.657185 12.14 
0.1780 2 1 0 0x0 0.2685 0.2685 0.27 0.27 0.0000 -0.0000 0.1000 0.1000 0.0000 0.0000 0.000000 -0.657231 12.15 
0.1880 2 1 0 0x0 0.2835 0.2835 0.28 0.28 0.0000 -0.0000 0.1000 0.1000 0.0000 0.0000 0.000000 -0.657269 12.15 
0.1980 2 1 0 0x0 0.2985 0.2985 0.30 0.30 0.0000 -0.0000 0.1000 0.1000 0.0000 0.0000 0.000000 -0.657294 12.14 
0.2080 2 1 0 0x0 0.3135 0.3135 0.31 0.31 0.0000 -0.0000 0.1000 0.1000 0.0000 0.0000 0.000000 -0.657330 12.14 
0.2180 2 1 0 0x0 0.3285 0.3285 0.33 0.33 0.0000 -0.0000 0.1000 0.1000 0.0000 0.0000 0.000000 -0.657338 12.14 
0.2280 2 1 0 0x0 0.3435 0.3435 0.34 0.34 0.0000 -0.0000 0.1000 0.1000 0.0000 0.0000 0.000000 -0.657350 12.13 
0.2380 2 1 0 0x0 0.3585 0.3585 0.36 0.36 0.0000 -0.0000 0.1000 0.1000 0.0000 0.0000 0.000000 -0.657378 12.14 
0.2480 2 1 0 0x0 0.3735 0.3735 0.37 0.37 0.0000 -0.0000 0.1000 0.1000 0.0000 0.0000 0.000000 -0.657382 12.14 
0.2580 2 1 0 0x0 0.3885 0.3885 0.39 0.39 0.0000 -0.0000 0.1000 0.1000 0.0000 0.0000 0.000000 -0.657381 12.14 
0.2680 2 1 0 0x0 0.4035 0.4035 0.40 0.40 0.0000 -0.0000 0.1000 0.1000 0.0000 0.0000 0.000000 -0.657377 12.14 
0.2780 2 1 0 0x0 0.4185 0.4185 0.42 0.42 0.0000 -0.0000 0.1000 0.1000 0.0000 0.0000 0.000000 -0.657397 12.13 
0.2880 2 1 0 0x0 0.4335 0.4335 0.43 0.43 0.0000 -0.0000 0.1000 0.1000 0.0000 0.0000 0.000000 -0.657425 12.14 
0.2980 2 1 0 0x0 0.4485 0.4485 0.45 0.45 0.0000 -0.0000 0.1000 0.1000 0.0000 0.0000 0.000000 -0.657428 12.14 
0.3080 2 1 0 0x0 0.4635 0.4635 0.46 0.46 0.0000 -0.0000 0.1000 0.1000 0.0000 0.0000 0.000000 -0.657440 12.14 
0.3180 2 1 0 0x0 0.4785 0.4785 0.48 0.48 0.0000 -0.0000 0.1000 0.1000 0.0000 0.0000 0.000000 -0.657441 12.14 
0.3280 2 1 0 0x0 0.4935 0.4935 0.49 0.49 0.0000 -0.0000 0.1000 0.1000 0.0000 0.0000 0.000000 -0.657451 12.14 
0.3380 2 1 0 0x0 0.5085 0.5085 0.51 0.51 0.0000 -0.0000 0.1000 0.1000 0.0000 0.0000 0.000000 -0.657465 12.14 
0.3480 2 1 0 0x0 0.5235 0.5235 0.52 0.52 0.0000 -0.0000 0.1000 0.1000 0.0000 0.0000 0.000000 -0.657476 12.14 
0.3580 2 1 0 0x0 0.5385 0.5385 0.54 0.54 0.0000 -0.0000 0.1000 0.1000 0.0000 0.0000 0.000000 -0.657507 12.14 
0.3680 2 1 0 0x0 0.5535 0.5535 0.55 0.55 0.0000 -0.0000 0.1000 0.1000 0.0000 0.0000 0.000000 -0.657536 12.14 
0.3780 2 1 0 0x0 0.5685 0.5685 0.57 0.57 0.0000 -0.0000 0.1000 0.1000 0.0000 0.0000 0.000000 -0.657554 12.14 
0.3880 2 1 0 0x0 0.5835 0.5835 0.58 0.58 0.0000 -0.0000 0.1000 0.1000 0.0000 0.0000 0.000000 -0.657549 12.14 
0.3980 2 1 0 0x0 0.5985 0.5985 0.60 0.60 0.0000 -0.0000 0.1000 0.1000 0.0000 0.0000 0.000000 -0.657553 12.14 
0.4080 2 1 0 0x0 0.6135 0.6135 0.61 0.61 0.0000 -0.0000 0.1000 0.1000 0.0000 0.0000 0.000000 -0.657552 12.14 
0.4180 2 1 0 0x0 0.6285 0.6285 0.63 0.63 0.0000 -0.0000 0.1000 0.1000 0.0000 0.0000 0.000000 -0.657585 12.14 
0.4280 2 1 0 0x0 0.6435 0.6435 0.64 0.64 0.0000 -0.0000 0.1000 0.1000 0.0000 0.0000 0.000000 -0.657578 12.14 
0.4380 2 1 0 0x0 0.6585 0.6585 0.66 0.66 0.0000 -0.0000 0.1000 0.1000 0.0000 0.0000 0.000000 -0.657569 12.15 
0.4480 2 1 0 0x0 0.6735 0.6735 0.67 0.67 0.0000 -0.0000 0.1000 0.1000 0.0000 0.0000 0.000000 -0.657601 12.14 
0.4580 2 1 0 0x0 0.6885 0.6885 0.69 0.69 0.0000 -0.0000 0.1000 0.1000 0.0000 0.0000 0.000000 -0.657592 12.14 
0.4680 2 1 0 0x0 0.7035 0.7035 0.70 0.70 0.0000 -0.0000 0.1000 0.1000 0.0000 0.0000 0.000000 -0.657610 12.15 
0.4780 2 1 0 0x0 0.7185 0.7185 0.72 0.72 0.0000 -0.0000 0.1000 0.1000 0.0000 0.0000 0.000000 -0.657617 12.14 
0.4880 2 1 0 0x0 0.7335 0.7335 0.73 0.73 0.0000 -0.0000 0.1000 0.1000 0.0000 0.0000 0.000000 -0.657643 12.14 
0.4980 2 1 0 0x0 0.7485 0.7485 0.75 0.75 0.0000 -0.0000 0.1000 0.1000 0.0000 0.0000 0.000000 -0.657641 12.14 
0.5080 2 1 0 0x0 0.7635 0.7635 0.76 0.76 0.0000 -0.0000 0.1000 0.1000 0.0000 0.0000 0.000000 -0.657643 12.14 
0.5180 2 1 0 0x0 0.7785 0.7785 0.78 0.78 0.0000 -0.0000 0.1000 0.1000 0.0000 0.0000 0.000000 -0.657667 12.14 
0.5280 2 1 0 0x0 0.7935 0.7935 0.79 0.79 0.0000 -0.0000 0.1000 0.1000 0.0000 0.0000 0.000000 -0.657655 12.14 
0.5380 2 1 0 0x0 0.8085 0.8085 0.81 0.81 0.0000 -0.0000 0.1000 0.1000 0.0000 0.0000 0.000000 -0.657636 12.14 
0.5480 2 1 0 0x0 0.8235 0.8235 0.82 0.82 0.0000 -0.0000 0.1000 0.1000 0.0000 0.0000 0.000000 -0.657641 12.14 
0.5580 2 1 0 0x0 0.8385 0.8385 0.84 0.84 0.0000 -0.0000 0.1000 0.1000 0.0000 0.0000 0.000000 -0.657645 12.14 
0.5680 2 1 0 0x0 0.8535 0.8535 0.85 0.85 0.0000 -0.0000 0.1000 0.1000 0.0000 0.0000 0.000000 -0.657651 12.14 
0.5780 2 1 0 0x0 0.8685 0.8685 0.87 0.87 0.0000 0.0000 0.1000 0.1000 0.0002 0.0000 0.002705 -0.657671 12.14 
0.5880 2 1 0 0x0 0.8835 0.8835 0.88 0.88 0.0000 0.0000 0.1000 0.1000 0.0004 0.0000 0.000000 -0.657684 12.13 
0.5980 2 1 0 0x0 0.8985 0.8985 0.90 0.90 0.0000 0.0000 0.1000 0.1000 0.0004 0.0000 0.000000 -0.657711 12.14 
0.6080 2 1 0 0x0 0.9135 0.9135 0.91 0.91 0.0000 0.0000 0.1000 0.1000 0.0006 0.0000 -0.002705 -0.657713 12.14 
0.6180 2 1 0 0x0 0.9285 0.9285 0.93 0.93 0.0000 0.0000 0.1000 0.1000 0.0006 0.0000 -0.002705 -0.657758 12.14 
0.6280 2 1 0 0x0 0.9420 0.9435 0.94 0.94 0.0248 0.0000 0.0146 0.1000 0.0010 -0.0000 -0.002705 -0.657887 12.14 
0.6380 2 1 0 0x0 0.9570 0.9585 0.96 0.96 0.0248 0.0000 0.0246 0.1000 0.0010 -0.0000 -0.002705 -0.658138 12.14 
0.6480 2 1 0 0x0 0.9720 0.9735 0.97 0.97 0.0154 0.0000 0.0346 0.1000 0.0010 -0.0000 -0.002705 -0.658226 12.13 
0.6580 2 1 0 0x0 0.9870 0.9885 0.99 0.99 0.0117 0.0000 0.0190 0.1000 0.0014 -0.0000 -0.002705 -0.658186 12.14 
0.6680 2 1 0 0x0 1.0020 1.0035 1.00 1.00 0.0117 0.0000 0.0290 0.1000 0.0014 -0.0000 -0.002705 -0.658518 12.14 
0.6780 2 1 0 0x0 1.0170 1.0185 1.02 1.02 0.0117 0.0271 0.0390 0.0132 0.0016 -0.0000 -0.000000 -0.659858 12.14 
0.6880 2 1 0 0x0 1.0320 1.0335 1.03 1.03 0.0117 0.0271 0.0490 0.0232 0.0016 -0.0000 -0.000000 -0.660133 12.13 
0.6980 2 1 0 0x0 1.0470 1.0485 1.05 1.05 0.0108 0.0158 0.0229 0.0332 0.0018 -0.0000 -0.002705 -0.659806 12.14 
0.7080 2 1 0 0x0 1.0620 1.0635 1.06 1.06 0.0108 0.0144 0.0329 0.0216 0.0020 -0.0000 -0.000000 -0.659931 12.13 
0.7180 2 1 0 0x0 1.0770 1.0785 1.08 1.08 0.0214 0.0144 0.0147 0.0316 0.0022 -0.0000 -0.002705 -0.660766 12.14 
0.7280 2 1 0 0x0 1.0920 1.0935 1.09 1.09 0.0214 0.0208 0.0247 0.0178 0.0024 -0.0000 -0.000000 -0.661613 12.14 
0.7380 2 1 0 0x0 1.1070 1.1085 1.11 1.11 0.0230 0.0237 0.0164 0.0095 0.0028 -0.0000 -0.000000 -0.661318 12.13 
0.7480 2 1 0 0x0 1.1220 1.1235 1.12 1.12 0.0284 0.0237 0.0105 0.0195 0.0030 -0.0000 -0.002705 -0.660947 12.13 
0.7580 2 1 0 0x0 1.1370 1.1385 1.14 1.14 0.0324 0.0249 0.0071 0.0128 0.0034 -0.0000 -0.002705 -0.661553 12.13 
0.7680 2 1 0 0x0 1.1520 1.1535 1.15 1.15 0.0430 0.0383 0.0062 0.0093 0.0039 -0.0000 -0.002705 -0.662396 12.13 
0.7780 2 1 0 0x0 1.1670 1.1685 1.17 1.17 0.0355 0.0297 0.0162 0.0072 0.0041 -0.0000 -0.000000 -0.662485 12.14 
0.7880 2 1 0 0x0 1.1820 1.1835 1.18 1.18 0.0305 0.0439 0.0148 0.0058 0.0045 -0.0000 -0.000000 -0.662248 12.13 
0.7980 2 1 0 0x0 1.1970 1.1985 1.20 1.20 0.0393 0.0416 0.0130 0.0063 0.0049 -0.0000 -0.000000 -0.662894 12.12 
0.8080 2 1 0 0x0 1.2120 1.2135 1.21 1.21 0.0741 0.0571 0.0055 0.0078 0.0055 -0.0000 -0.002705 -0.664216 12.13 
0.8180 2 1 0 0x0 1.2270 1.2285 1.23 1.23 0.0515 0.0502 0.0088 0.0103 0.0059 -0.0000 -0.002705 -0.666085 12.13 
0.8280 2 1 0 0x0 1.2420 1.2435 1.24 1.24 0.0592 0.0457 0.0059 0.0052 0.0067 -0.0000 -0.002705 -0.666636 12.13 
0.8380 2 1 0 0x0 1.2570 1.2585 1.26 1.26 0.0719 0.0609 0.0048 0.0074 0.0073 -0.0000 -0.005409 -0.666837 12.12 
0.8480 2 1 0 0x0 1.2690 1.2735 1.27 1.27 0.1153 0.0793 0.0019 0.0046 0.0083 -0.0000 -0.008114 -0.667596 12.12 
0.8580 2 1 0 0x0 1.2765 1.2885 1.28 1.29 0.1272 0.0861 0.0039 0.0025 0.0091 -0.0000 -0.008114 -0.669262 12.13 
0.8680 2 1 0 0x0 1.2870 1.3035 1.29 1.30 0.0996 0.0661 0.0032 0.0071 0.0099 -0.0000 -0.013523 -0.670273 12.13 
0.8780 2 1 0 0x0 1.2960 1.3185 1.30 1.32 0.1369 0.0636 0.0033 0.0055 0.0110 -0.0001 -0.016227 -0.670305 12.12 
0.8880 2 1 0 0x0 1.3050 1.3335 1.31 1.33 0.1326 0.0766 0.0037 0.0045 0.0120 -0.0001 -0.018932 -0.670519 12.12 
0.8980 2 1 0 0x0 1.3110 1.3485 1.31 1.35 0.1317 0.0724 0.0019 0.0051 0.0132 -0.0001 -0.024341 -0.671902 12.13 
0.9080 2 1 0 0x0 1.3185 1.3635 1.32 1.36 0.1443 0.0902 0.0034 0.0059 0.0142 -0.0001 -0.027045 -0.673187 12.14 
0.9180 2 1 0 0x0 1.3290 1.3785 1.33 1.38 0.1144 0.1034 0.0039 0.0022 0.0154 -0.0002 -0.027045 -0.672848 12.13 
0.9280 2 1 0 0x0 1.3425 1.3935 1.34 1.39 0.1475 0.1240 0.0045 0.0045 0.0164 -0.0002 -0.029750 -0.672101 12.12 
0.9380 2 1 0 0x0 1.3530 1.4085 1.35 1.41 0.1581 0.1109 0.0027 0.0038 0.0178 -0.0002 -0.032454 -0.672798 12.14 
0.9480 2 1 0 0x0 1.3620 1.4235 1.36 1.42 0.1556 0.1347 0.0016 0.0033 0.0193 -0.0003 -0.035159 -0.673316 12.14 
0.9580 2 1 0 0x0 1.3770 1.4385 1.38 1.44 0.1308 0.1082 0.0029 0.0038 0.0205 -0.0003 -0.035159 -0.673558 12.14 
0.9680 2 1 0 0x0 1.3905 1.4535 1.39 1.45 0.1543 0.1448 0.0045 0.0042 0.0217 -0.0004 -0.035159 -0.672652 12.13 
0.9780 2 1 0 0x0 1.4025 1.4685 1.40 1.47 0.1704 0.1582 0.0031 0.0026 0.0233 -0.0004 -0.035159 -0.672208 12.13 
0.9880 2 1 0 0x0 1.4175 1.4835 1.42 1.48 0.1693 0.1661 0.0026 0.0014 0.0249 -0.0005 -0.035159 -0.672419 12.13 
0.9980 2 1 0 0x0 1.4325 1.4985 1.43 1.50 0.1699 0.1343 0.0022 0.0032 0.0264 -0.0005 -0.037864 -0.673013 12.13 
1.0080 2 1 0 0x0 1.4475 1.5135 1.45 1.51 0.1700 0.1325 0.0019 0.0019 0.0280 -0.0006 -0.037864 -0.673144 12.13 
1.0180 2 1 0 0x0 1.4610 1.5285 1.46 1.53 0.1806 0.1720 0.0016 0.0039 0.0294 -0.0006 -0.040568 -0.673220 12.13 
1.0280 2 1 0 0x0 1.4730 1.5435 1.47 1.54 0.1833 0.1706 0.0019 0.0034 0.0310 -0.0007 -0.040568 -0.673993 12.13 
1.0380 2 1 0 0x0 1.4865 1.5585 1.49 1.56 0.1802 0.1729 0.0018 0.0031 0.0326 -0.0008 -0.040568 -0.674929 12.12 
1.0480 2 1 0 0x0 1.5015 1.5735 1.50 1.57 0.1833 0.1695 0.0020 0.0025 0.0343 -0.0008 -0.040568 -0.675425 12.13 
1.0580 2 1 0 0x0 1.5165 1.5885 1.52 1.59 0.1890 0.1663 0.0020 0.0019 0.0359 -0.0009 -0.040568 -0.675712 12.13 
1.0680 2 1 0 0x0 1.5255 1.6035 1.53 1.60 0.1864 0.1872 0.0024 0.0018 0.0375 -0.0010 -0.040568 -0.675317 12.13 
1.0780 2 1 0 0x0 1.5405 1.6185 1.54 1.62 0.1661 0.1826 0.0013 0.0019 0.0393 -0.0010 -0.043273 -0.675538 12.13 
1.0880 2 1 0 0x0 1.5555 1.6335 1.56 1.63 0.1830 0.1892 0.0023 0.0023 0.0410 -0.0011 -0.043273 -0.675746 12.12 
1.0980 2 1 0 0x0 1.5660 1.6485 1.57 1.65 0.2096 0.1891 0.0018 0.0024 0.0428 -0.0012 -0.045977 -0.675746 12.13 
1.1080 2 1 0 0x0 1.5795 1.6635 1.58 1.66 0.1732 0.1960 0.0012 0.0030 0.0446 -0.0013 -0.048682 -0.675273 12.12 
1.1180 2 1 0 0x0 1.5900 1.6785 1.59 1.68 0.2178 0.1693 0.0010 0.0018 0.0466 -0.0014 -0.048682 -0.675187 12.13 
1.1280 2 1 0 0x0 1.6050 1.6935 1.61 1.69 0.2198 0.2122 0.0027 0.0010 0.0485 -0.0015 -0.045977 -0.675585 12.14 
1.1380 2 1 0 0x0 1.6200 1.7085 1.62 1.71 0.1867 0.2081 0.0026 0.0020 0.0503 -0.0016 -0.048682 -0.676534 12.13 
1.1480 2 1 0 0x0 1.6305 1.7235 1.63 1.72 0.2239 0.2124 0.0026 0.0034 0.0521 -0.0016 -0.051386 -0.677749 12.13 
1.1580 2 1 0 0x0 1.6455 1.7385 1.65 1.74 0.1765 0.1653 0.0026 0.0025 0.0541 -0.0017 -0.051386 -0.678233 12.12 
1.1680 2 1 0 0x0 1.6560 1.7535 1.66 1.75 0.2381 0.2210 0.0027 0.0016 0.0561 -0.0019 -0.051386 -0.679022 12.13 
1.1780 2 1 0 0x0 1.6680 1.7685 1.67 1.77 0.2455 0.2040 0.0014 0.0033 0.0582 -0.0020 -0.056795 -0.679551 12.12 
1.1880 2 1 0 0x0 1.6785 1.7835 1.68 1.78 0.1933 0.2325 0.0021 0.0009 0.0604 -0.0021 -0.054091 -0.678868 12.13 
1.1980 2 1 0 0x0 1.6935 1.7985 1.69 1.80 0.2535 0.2298 0.0027 0.0029 0.0622 -0.0022 -0.056795 -0.678179 12.13 
1.2080 2 1 0 0x0 1.7070 1.8135 1.71 1.81 0.2642 0.2284 0.0022 0.0014 0.0647 -0.0023 -0.056795 -0.678066 12.13 
1.2180 2 1 0 0x0 1.7190 1.8285 1.72 1.83 0.2777 0.2155 0.0021 0.0020 0.0669 -0.0025 -0.059500 -0.678716 12.13 
1.2280 2 1 0 0x0 1.7280 1.8435 1.73 1.84 0.2581 0.1939 0.0018 0.0013 0.0693 -0.0026 -0.059500 -0.679985 12.13 
1.2380 2 1 0 0x0 1.7430 1.8585 1.74 1.86 0.2665 0.2421 0.0017 0.0020 0.0715 -0.0027 -0.062204 -0.679503 12.13 
1.2480 2 1 0 0x0 1.7535 1.8735 1.75 1.87 0.2786 0.2519 0.0018 0.0010 0.0740 -0.0029 -0.062204 -0.678973 12.13 
1.2580 2 1 0 0x0 1.7685 1.8885 1.77 1.89 0.2791 0.2087 0.0020 0.0023 0.0762 -0.0030 -0.064909 -0.679834 12.13 
1.2680 2 1 0 0x0 1.7835 1.9035 1.78 1.90 0.2842 0.2325 0.0024 0.0022 0.0786 -0.0032 -0.064909 -0.680875 12.12 
1.2780 2 1 0 0x0 1.7925 1.9185 1.79 1.92 0.2370 0.2143 0.0013 0.0020 0.0813 -0.0034 -0.067613 -0.681772 12.13 
1.2880 2 1 0 0x0 1.8075 1.9335 1.81 1.93 0.2247 0.2250 0.0016 0.0019 0.0837 -0.0035 -0.067613 -0.682351 12.13 
1.2980 2 1 0 0x0 1.8225 1.9485 1.82 1.95 0.2341 0.2110 0.0020 0.0020 0.0861 -0.0037 -0.067613 -0.682666 12.12 
1.3080 2 1 0 0x0 1.8315 1.9635 1.83 1.96 0.2868 0.2390 0.0011 0.0018 0.0887 -0.0039 -0.070318 -0.682905 12.12 
1.3180 2 1 0 0x0 1.8465 1.9785 1.85 1.98 0.2890 0.2236 0.0017 0.0020 0.0912 -0.0041 -0.070318 -0.682490 12.12 
1.3280 2 1 0 0x0 1.8585 1.9935 1.86 1.99 0.2660 0.2321 0.0011 0.0021 0.0938 -0.0042 -0.073023 -0.682479 12.13 
1.3380 2 1 0 0x0 1.8705 2.0085 1.87 2.01 0.3067 0.2309 0.0007 0.0022 0.0964 -0.0044 -0.075727 -0.681932 12.14 
1.3480 2 1 0 0x0 1.8810 2.0235 1.88 2.02 0.3202 0.2962 0.0021 0.0014 0.0991 -0.0046 -0.073023 -0.682344 12.13 
1.3580 2 1 0 0x0 1.8930 2.0385 1.89 2.04 0.3305 0.2832 0.0010 0.0021 0.1019 -0.0048 -0.078432 -0.683370 12.13 
1.3680 2 1 0 0x0 1.9050 2.0535 1.91 2.05 0.2775 0.2295 0.0013 0.0011 0.1047 -0.0051 -0.078432 -0.683908 12.12 
1.3780 2 1 0 0x0 1.9155 2.0685 1.92 2.07 0.3367 0.2604 0.0018 0.0019 0.1074 -0.0053 -0.081136 -0.684249 12.13 
1.3880 2 1 0 0x0 1.9245 2.0835 1.92 2.08 0.3260 0.3023 0.0007 0.0013 0.1104 -0.0055 -0.083841 -0.685022 12.13 
1.3980 2 1 0 0x0 1.9395 2.0985 1.94 2.10 0.2555 0.2484 0.0011 0.0010 0.1132 -0.0058 -0.083841 -0.685349 12.13 
1.4080 2 1 0 0x0 1.9515 2.1135 1.95 2.11 0.3451 0.3221 0.0016 0.0011 0.1160 -0.0060 -0.083841 -0.684714 12.13 
1.4180 2 1 0 0x0 1.9650 2.1285 1.97 2.13 0.3423 0.2783 0.0009 0.0012 0.1191 -0.0063 -0.086545 -0.684999 12.13 
1.4280 2 1 0 0x0 1.9800 2.1435 1.98 2.14 0.2838 0.3352 0.0017 0.0016 0.1219 -0.0065 -0.086545 -0.684610 12.13 
1.4380 2 1 0 0x0 1.9935 2.1585 1.99 2.16 0.2869 0.3451 0.0012 0.0009 0.1251 -0.0068 -0.086545 -0.684876 12.12 
1.4480 2 1 0 0x0 2.0040 2.1735 2.00 2.17 0.3059 0.2671 0.0010 0.0016 0.1282 -0.0070 -0.089250 -0.685964 12.13 
1.4580 2 1 0 0x0 2.0190 2.1885 2.02 2.19 0.2993 0.2610 0.0008 0.0010 0.1314 -0.0073 -0.089250 -0.686270 12.13 
1.4680 2 1 0 0x0 2.0325 2.2035 2.03 2.20 0.3010 0.3513 0.0007 0.0017 0.1344 -0.0076 -0.091954 -0.686381 12.13 
1.4780 2 1 0 0x0 2.0445 2.2185 2.04 2.22 0.2921 0.3455 0.0007 0.0012 0.1377 -0.0079 -0.091954 -0.686960 12.13 
1.4880 2 1 0 0x0 2.0595 2.2335 2.06 2.23 0.3140 0.3644 0.0008 0.0006 0.1409 -0.0082 -0.091954 -0.686786 12.12 
1.4980 2 1 0 0x0 2.0715 2.2485 2.07 2.25 0.3355 0.3729 0.0012 0.0008 0.1441 -0.0085 -0.091954 -0.686333 12.12 
1.5080 2 1 0 0x0 2.0835 2.2635 2.08 2.26 0.3942 0.3905 0.0007 0.0013 0.1476 -0.0088 -0.094659 -0.688918 12.13 
1.5180 2 1 0 0x0 2.0985 2.2785 2.10 2.28 0.3874 0.3787 0.0014 0.0019 0.1508 -0.0091 -0.094659 -0.691829 12.13 
1.5280 2 1 0 0x0 2.1135 2.2935 2.11 2.29 0.3673 0.3022 0.0017 0.0010 0.1542 -0.0094 -0.091954 -0.690393 12.12 
1.5380 2 1 0 0x0 2.1285 2.3085 2.13 2.31 0.3138 0.4047 0.0010 0.0006 0.1579 -0.0098 -0.091954 -0.689846 12.12 
1.5480 2 1 0 0x0 2.1435 2.3235 2.14 2.32 0.4121 0.3902 0.0010 0.0016 0.1613 -0.0101 -0.094659 -0.691516 12.12 
1.5580 2 1 0 0x0 2.1585 2.3385 2.16 2.34 0.3305 0.3478 0.0010 0.0014 0.1649 -0.0104 -0.094659 -0.692338 12.12 
1.5680 2 1 0 0x0 2.1735 2.3535 2.17 2.35 0.4174 0.3928 0.0008 0.0011 0.1686 -0.0108 -0.094659 -0.692017 12.12 
1.5780 2 1 0 0x0 2.1885 2.3685 2.19 2.37 0.3347 0.3290 0.0010 0.0013 0.1722 -0.0111 -0.094659 -0.692038 12.12 
1.5880 2 1 0 0x0 2.2035 2.3835 2.20 2.38 0.4226 0.4131 0.0012 0.0014 0.1758 -0.0115 -0.094659 -0.692224 12.12 
1.5980 2 1 0 0x0 2.2185 2.3985 2.22 2.40 0.4062 0.4169 0.0006 0.0007 0.1799 -0.0119 -0.094659 -0.692322 12.12 
1.6080 2 1 0 0x0 2.2335 2.4135 2.23 2.41 0.3278 0.3069 0.0009 0.0007 0.1835 -0.0122 -0.094659 -0.693022 12.12 
1.6180 2 1 0 0x0 2.2425 2.4285 2.24 2.43 0.4177 0.4285 0.0012 0.0008 0.1871 -0.0126 -0.094659 -0.692502 12.13 
1.6280 2 1 0 0x0 2.2575 2.4435 2.26 2.44 0.4366 0.4559 0.0006 0.0005 0.1912 -0.0129 -0.094659 -0.691805 12.12 
1.6380 2 1 0 0x0 2.2725 2.4585 2.27 2.46 0.4437 0.4554 0.0006 0.0005 0.1952 -0.0133 -0.094659 -0.694428 12.12 
1.6480 2 1 0 0x0 2.2875 2.4735 2.29 2.47 0.3780 0.3634 0.0013 0.0011 0.1989 -0.0137 -0.094659 -0.697503 12.12 
1.6580 2 1 0 0x0 2.3025 2.4885 2.30 2.49 0.3372 0.3421 0.0008 0.0007 0.2029 -0.0141 -0.094659 -0.696172 12.12 
1.6680 2 1 0 0x0 2.3175 2.5035 2.32 2.50 0.4453 0.4510 0.0015 0.0014 0.2065 -0.0144 -0.094659 -0.695702 12.12 
1.6780 2 1 0 0x0 2.3325 2.5185 2.33 2.52 0.4407 0.3588 0.0014 0.0009 0.2108 -0.0148 -0.091954 -0.694933 12.13 
1.6880 2 1 0 0x0 2.3475 2.5335 2.35 2.53 0.4186 0.4854 0.0007 0.0005 0.2152 -0.0152 -0.091954 -0.697012 12.13 
1.6980 2 1 0 0x0 2.3625 2.5485 2.36 2.55 0.3620 0.4546 0.0009 0.0008 0.2193 -0.0156 -0.091954 -0.698663 12.12 
1.7080 2 1 0 0x0 2.3775 2.5635 2.38 2.56 0.3952 0.4680 0.0013 0.0009 0.2233 -0.0160 -0.091954 -0.699939 12.13 
1.7180 2 1 0 0x0 2.3925 2.5785 2.39 2.58 0.3691 0.4409 0.0014 0.0010 0.2273 -0.0163 -0.091954 -0.697857 12.12 
1.7280 2 1 0 0x0 2.4075 2.5935 2.41 2.59 0.4870 0.3847 0.0011 0.0006 0.2318 -0.0168 -0.091954 -0.696372 12.12 
1.7380 2 1 0 0x0 2.4225 2.6085 2.42 2.61 0.4228 0.5025 0.0013 0.0006 0.2364 -0.0172 -0.094659 -0.700187 12.12 
1.7480 2 1 0 0x0 2.4375 2.6235 2.44 2.62 0.4672 0.4670 0.0013 0.0013 0.2405 -0.0176 -0.094659 -0.703516 12.13 
1.7580 2 1 0 0x0 2.4525 2.6385 2.45 2.64 0.4030 0.4200 0.0011 0.0012 0.2449 -0.0180 -0.094659 -0.703661 12.12 
1.7680 2 1 0 0x0 2.4675 2.6535 2.47 2.65 0.5168 0.5139 0.0013 0.0014 0.2493 -0.0184 -0.094659 -0.710797 12.13 
1.7780 2 1 0 0x0 2.4825 2.6685 2.48 2.67 0.5075 0.4856 0.0008 0.0005 0.2542 -0.0189 -0.094659 -0.715745 12.12 
1.7880 2 1 0 0x0 2.4975 2.6835 2.50 2.68 0.4172 0.5140 0.0008 0.0013 0.2584 -0.0193 -0.097363 -0.714828 12.12 
1.7980 2 1 0 0x0 2.5125 2.6985 2.51 2.70 0.5053 0.5010 0.0009 0.0006 0.2631 -0.0197 -0.094659 -0.714771 12.12 
1.8080 2 1 0 0x0 2.5275 2.7135 2.53 2.71 0.3875 0.3773 0.0013 0.0010 0.2675 -0.0202 -0.094659 -0.714918 12.12 
1.8180 2 1 0 0x0 2.5425 2.7285 2.54 2.73 0.4003 0.5004 0.0005 0.0008 0.2722 -0.0206 -0.097363 -0.714213 12.11 
1.8280 2 1 0 0x0 2.5575 2.7435 2.56 2.74 0.5298 0.5396 0.0010 0.0004 0.2768 -0.0211 -0.094659 -0.714082 12.13 
1.8380 2 1 0 0x0 2.5725 2.7585 2.57 2.76 0.5445 0.5589 0.0009 0.0006 0.2816 -0.0215 -0.094659 -0.718783 12.13 
1.8480 2 1 0 0x0 2.5875 2.7735 2.59 2.77 0.5255 0.4631 0.0006 0.0012 0.2863 -0.0220 -0.097363 -0.718613 12.12 
1.8580 2 1 0 0x0 2.6025 2.7885 2.60 2.79 0.5447 0.4917 0.0004 0.0010 0.2911 -0.0224 -0.097363 -0.717944 12.11 
1.8680 2 1 0 0x0 2.6175 2.8035 2.62 2.80 0.5541 0.4610 0.0004 0.0011 0.2960 -0.0229 -0.097363 -0.718943 12.12 
1.8780 2 1 0 0x0 2.6325 2.8185 2.63 2.82 0.5586 0.5641 0.0006 0.0004 0.3010 -0.0234 -0.094659 -0.718524 12.11 
1.8880 2 1 0 0x0 2.6475 2.8335 2.65 2.83 0.5808 0.5422 0.0009 0.0007 0.3059 -0.0238 -0.094659 -0.719706 12.11 
1.8980 2 1 0 0x0 2.6625 2.8485 2.66 2.85 0.5433 0.5833 0.0011 0.0009 0.3107 -0.0243 -0.094659 -0.720001 12.13 
1.9080 2 1 0 0x0 2.6775 2.8634 2.68 2.86 0.4498 0.4502 0.0005 0.0006 0.3160 -0.0248 -0.094659 -0.719968 12.12 
1.9180 2 1 0 0x0 2.6925 2.8784 2.69 2.88 0.4225 0.4262 0.0008 0.0010 0.3208 -0.0253 -0.094659 -0.724636 12.12 
1.9280 2 1 0 0x0 2.7075 2.8934 2.71 2.89 0.4454 0.5902 0.0010 0.0007 0.3259 -0.0257 -0.091954 -0.722691 12.12 
1.9380 2 1 0 0x0 2.7225 2.9084 2.72 2.91 0.6021 0.5181 0.0009 0.0009 0.3311 -0.0262 -0.091954 -0.725452 12.11 
1.9480 2 1 0 0x0 2.7375 2.9234 2.74 2.92 0.4883 0.6126 0.0008 0.0012 0.3364 -0.0267 -0.091954 -0.729966 12.11 
1.9580 2 1 0 0x0 2.7525 2.9384 2.75 2.94 0.5556 0.4483 0.0004 0.0010 0.3416 -0.0272 -0.091954 -0.727713 12.12 
1.9680 2 1 0 0x0 2.7675 2.9534 2.77 2.95 0.5884 0.5926 0.0010 0.0011 0.3467 -0.0276 -0.089250 -0.727829 12.12 
1.9780 2 1 0 0x0 2.7825 2.9654 2.78 2.97 0.4641 0.5975 0.0011 0.0007 0.3521 -0.0281 -0.086545 -0.730673 12.12 
1.9880 2 1 0 0x0 2.7975 2.9804 2.80 2.98 0.5920 0.4457 0.0010 0.0009 0.3574 -0.0286 -0.086545 -0.729861 12.11 
1.9980 2 1 0 0x0 2.8125 2.9924 2.81 2.99 0.5772 0.5104 0.0005 0.0007 0.3630 -0.0291 -0.086545 -0.730807 12.12 
2.0080 2 1 0 0x0 2.8275 3.0044 2.83 3.00 0.4938 0.4851 0.0008 0.0005 0.3685 -0.0295 -0.083841 -0.733715 12.12 
2.0180 2 1 0 0x0 2.8425 3.0194 2.84 3.02 0.5173 0.6239 0.0005 0.0010 0.3740 -0.0300 -0.086545 -0.732748 12.12 
2.0280 2 1 0 0x0 2.8574 3.0344 2.86 3.03 0.6428 0.6517 0.0011 0.0011 0.3794 -0.0305 -0.083841 -0.733946 12.12 
2.0380 2 1 0 0x0 2.8724 3.0494 2.87 3.05 0.6327 0.6263 0.0010 0.0010 0.3851 -0.0309 -0.083841 -0.735893 12.11 
2.0480 2 1 0 0x0 2.8874 3.0644 2.89 3.06 0.5202 0.6281 0.0006 0.0009 0.3909 -0.0314 -0.086545 -0.741389 12.12 
2.0580 2 1 0 0x0 2.9024 3.0794 2.90 3.08 0.5134 0.6305 0.0004 0.0008 0.3966 -0.0319 -0.086545 -0.739744 12.12 
2.0680 2 1 0 0x0 2.9150 3.0838 2.91 3.08 0.5209 0.5331 0.0006 0.0006 0.4025 -0.0324 -0.083841 -0.743253 12.12 
2.0780 2 1 0 0x0 2.9162 3.0838 2.92 3.08 0.5320 0.5236 0.0010 0.0009 0.4081 -0.0329 -0.083841 -0.745828 12.11 
2.0880 2 1 0 0x0 2.9162 3.0838 2.92 3.08 0.4948 0.4835 0.0009 0.0009 0.4138 -0.0334 -0.083841 -0.744481 12.12 
2.0980 2 1 0 0x0 2.9162 3.0838 2.92 3.08 0.6648 0.6918 0.0004 0.0008 0.4198 -0.0339 -0.083841 -0.745898 12.11 
2.1080 2 1 0 0x0 2.9189 3.0811 2.92 3.08 0.6122 0.5392 0.0007 0.0006 0.4257 -0.0343 -0.081136 -0.746561 12.12 
2.1180 2 1 0 0x0 2.9189 3.0811 2.92 3.08 0.6738 0.4975 0.0008 0.0008 0.4314 -0.0348 -0.081136 -0.744915 12.12 
2.1280 2 1 0 0x0 2.9189 3.0811 2.92 3.08 0.5612 0.6665 0.0005 0.0006 0.4374 -0.0353 -0.081136 -0.744442 12.11 
2.1380 2 1 0 0x0 2.9189 3.0811 2.92 3.08 0.6429 0.5577 0.0003 0.0006 0.4435 -0.0358 -0.081136 -0.745786 12.12 
2.1480 2 1 0 0x0 2.9216 3.0784 2.92 3.08 0.6609 0.6662 0.0009 0.0006 0.4494 -0.0363 -0.078432 -0.746091 12.12 
2.1580 2 1 0 0x0 2.9216 3.0784 2.92 3.08 0.5715 0.5285 0.0005 0.0004 0.4554 -0.0367 -0.078432 -0.744625 12.11 
2.1680 2 1 0 0x0 2.9216 3.0784 2.92 3.08 0.7146 0.6997 0.0005 0.0006 0.4615 -0.0372 -0.078432 -0.747014 12.12 
2.1780 2 1 0 0x0 2.9216 3.0784 2.92 3.08 0.5464 0.6021 0.0007 0.0007 0.4676 -0.0377 -0.078432 -0.751983 12.12 
2.1880 2 1 0 0x0 2.9216 3.0784 2.92 3.08 0.6716 0.6690 0.0008 0.0006 0.4736 -0.0382 -0.078432 -0.753010 12.12 
2.1980 2 1 0 0x0 2.9231 3.0769 2.92 3.08 0.6452 0.5105 0.0010 0.0006 0.4795 -0.0386 -0.075727 -0.751778 12.12 
2.2080 2 1 0 0x0 2.9228 3.0772 2.92 3.08 0.6618 0.7291 0.0004 0.0010 0.4858 -0.0391 -0.078432 -0.761099 12.13 
2.2180 2 1 0 0x0 2.9243 3.0757 2.92 3.08 0.5373 0.7341 0.0005 0.0006 0.4920 -0.0396 -0.075727 -0.764192 12.13 
2.2280 2 1 0 0x0 2.9243 3.0757 2.92 3.08 0.6385 0.6286 0.0004 0.0008 0.4981 -0.0400 -0.075727 -0.761956 12.12 
2.2380 2 1 0 0x0 2.9285 3.0715 2.93 3.07 0.6881 0.5999 0.0008 0.0005 0.5042 -0.0405 -0.070318 -0.762160 12.12 
2.2480 2 1 0 0x0 2.9312 3.0688 2.93 3.07 0.5369 0.6001 0.0009 0.0005 0.5104 -0.0409 -0.067613 -0.761528 12.12 
2.2580 2 1 0 0x0 2.9339 3.0661 2.93 3.07 0.7126 0.6241 0.0010 0.0003 0.5167 -0.0414 -0.064909 -0.768487 12.12 
2.2680 2 1 0 0x0 2.9339 3.0661 2.93 3.07 0.5694 0.7309 0.0010 0.0007 0.5228 -0.0418 -0.064909 -0.768618 12.12 
2.2780 2 1 0 0x0 2.9366 3.0634 2.94 3.06 0.6838 0.7319 0.0009 0.0007 0.5291 -0.0422 -0.062204 -0.768078 12.12 
2.2880 2 1 0 0x0 2.9378 3.0622 2.94 3.06 0.6864 0.6996 0.0006 0.0005 0.5355 -0.0426 -0.062204 -0.777017 12.12 
2.2980 2 1 0 0x0 2.9378 3.0622 2.94 3.06 0.5029 0.5140 0.0006 0.0009 0.5416 -0.0429 -0.062204 -0.781660 12.12 
2.3080 2 1 0 0x0 2.9390 3.0610 2.94 3.06 0.6642 0.6938 0.0004 0.0010 0.5477 -0.0433 -0.062204 -0.780101 12.13 
2.3180 2 1 0 0x0 2.9405 3.0595 2.94 3.06 0.5910 0.7316 0.0006 0.0008 0.5540 -0.0437 -0.059500 -0.793582 12.12 
2.3280 2 1 0 0x0 2.9417 3.0583 2.94 3.06 0.6244 0.7340 0.0005 0.0008 0.5604 -0.0441 -0.059500 -0.805123 12.13 
2.3380 2 1 0 0x0 2.9432 3.0568 2.94 3.06 0.6657 0.7011 0.0007 0.0008 0.5667 -0.0444 -0.056795 -0.802178 12.12 
2.3480 2 1 0 0x0 2.9432 3.0568 2.94 3.06 0.5260 0.5972 0.0005 0.0005 0.5728 -0.0448 -0.056795 -0.805456 12.12 
2.3580 2 1 0 0x0 2.9432 3.0568 2.94 3.06 0.7162 0.7022 0.0009 0.0008 0.5789 -0.0451 -0.056795 -0.820276 12.12 
2.3680 2 1 0 0x0 2.9432 3.0568 2.94 3.06 0.6986 0.7386 0.0009 0.0008 0.5853 -0.0455 -0.056795 -0.829207 12.12 
2.3780 2 1 0 0x0 2.9432 3.0568 2.94 3.06 0.6701 0.6483 0.0006 0.0005 0.5918 -0.0458 -0.056795 -0.821340 12.12 
2.3880 2 1 0 0x0 2.9432 3.0568 2.94 3.06 0.5801 0.5422 0.0006 0.0005 0.5979 -0.0462 -0.056795 -0.824526 12.12 
2.3980 2 1 0 0x0 2.9417 3.0583 2.94 3.06 0.6090 0.7402 0.0005 0.0009 0.6042 -0.0466 -0.059500 -0.835684 12.12 
2.4080 2 1 0 0x0 2.9417 3.0583 2.94 3.06 0.6224 0.7084 0.0005 0.0008 0.6107 -0.0469 -0.059500 -0.838061 12.13 
2.4180 2 1 0 0x0 2.9432 3.0568 2.94 3.06 0.6978 0.7153 0.0007 0.0003 0.6169 -0.0473 -0.056795 -0.832131 12.12 
2.4280 2 1 0 0x0 2.9432 3.0568 2.94 3.06 0.5549 0.6448 0.0008 0.0007 0.6230 -0.0477 -0.056795 -0.834787 12.12 
2.4380 2 1 0 0x0 2.9432 3.0568 2.94 3.06 0.5804 0.6447 0.0007 0.0007 0.6295 -0.0480 -0.056795 -0.843517 12.13 
2.4480 2 1 0 0x0 2.9405 3.0595 2.94 3.06 0.5714 0.6754 0.0007 0.0009 0.6358 -0.0484 -0.059500 -0.842782 12.12 
2.4580 2 1 0 0x0 2.9420 3.0580 2.94 3.06 0.6859 0.6827 0.0010 0.0003 0.6420 -0.0488 -0.056795 -0.838548 12.12 
2.4680 2 1 0 0x0 2.9405 3.0595 2.94 3.06 0.7246 0.5625 0.0006 0.0007 0.6483 -0.0491 -0.059500 -0.843405 12.13 
2.4780 2 1 0 0x0 2.9405 3.0595 2.94 3.06 0.7168 0.5619 0.0004 0.0007 0.6548 -0.0495 -0.059500 -0.843710 12.12 
2.4880 2 1 0 0x0 2.9432 3.0568 2.94 3.06 0.5585 0.5414 0.0008 0.0008 0.6611 -0.0499 -0.056795 -0.839061 12.12 
2.4980 2 1 0 0x0 2.9432 3.0568 2.94 3.06 0.6302 0.5586 0.0005 0.0005 0.6676 -0.0502 -0.056795 -0.837927 12.12 
2.5080 2 1 0 0x0 2.9432 3.0568 2.94 3.06 0.6095 0.5569 0.0003 0.0004 0.6740 -0.0506 -0.056795 -0.838077 12.12 
2.5180 2 1 0 0x0 2.9447 3.0553 2.94 3.06 0.7026 0.5363 0.0007 0.0005 0.6803 -0.0510 -0.054091 -0.839265 12.12 
2.5280 2 1 0 0x0 2.9444 3.0556 2.94 3.06 0.6796 0.7501 0.0003 0.0010 0.6866 -0.0513 -0.056795 -0.839787 12.12 
2.5380 2 1 0 0x0 2.9459 3.0541 2.95 3.05 0.5487 0.7522 0.0005 0.0009 0.6929 -0.0516 -0.054091 -0.837303 12.11 
2.5480 2 1 0 0x0 2.9471 3.0529 2.95 3.05 0.5327 0.7526 0.0004 0.0009 0.6994 -0.0520 -0.054091 -0.845926 12.12 
2.5580 2 1 0 0x0 2.9501 3.0499 2.95 3.05 0.6920 0.7162 0.0010 0.0010 0.7058 -0.0523 -0.048682 -0.856419 12.12 
2.5680 2 1 0 0x0 2.9501 3.0499 2.95 3.05 0.5570 0.6896 0.0009 0.0005 0.7119 -0.0526 -0.048682 -0.855613 12.12 
2.5780 2 1 0 0x0 2.9501 3.0499 2.95 3.05 0.7008 0.6089 0.0009 0.0007 0.7180 -0.0529 -0.048682 -0.866700 12.12 
2.5880 2 1 0 0x0 2.9501 3.0499 2.95 3.05 0.7254 0.6324 0.0008 0.0005 0.7245 -0.0532 -0.048682 -0.878958 12.12 
2.5980 2 1 0 0x0 2.9501 3.0499 2.95 3.05 0.7052 0.6071 0.0009 0.0005 0.7310 -0.0536 -0.048682 -0.883693 12.12 
2.6080 2 1 0 0x0 2.9486 3.0514 2.95 3.05 0.7022 0.6903 0.0007 0.0007 0.7372 -0.0539 -0.051386 -0.883113 12.12 
2.6180 2 1 0 0x0 2.9486 3.0514 2.95 3.05 0.7225 0.7274 0.0007 0.0005 0.7437 -0.0542 -0.051386 -0.902943 12.12 
2.6280 2 1 0 0x0 2.9486 3.0514 2.95 3.05 0.7001 0.7287 0.0008 0.0005 0.7502 -0.0546 -0.051386 -0.910042 12.12 
2.6380 2 1 0 0x0 2.9471 3.0529 2.95 3.05 0.6746 0.5162 0.0004 0.0009 0.7565 -0.0549 -0.054091 -0.913630 12.12 
2.6480 2 1 0 0x0 2.9471 3.0529 2.95 3.05 0.5674 0.7239 0.0005 0.0010 0.7626 -0.0552 -0.054091 -0.913042 12.12 
2.6580 2 1 0 0x0 2.9486 3.0514 2.95 3.05 0.7149 0.7285 0.0009 0.0008 0.7688 -0.0555 -0.051386 -0.919912 12.13 
2.6680 2 1 0 0x0 2.9486 3.0514 2.95 3.05 0.7326 0.7692 0.0009 0.0007 0.7753 -0.0559 -0.051386 -0.921706 12.12 
2.6780 2 1 0 0x0 2.9486 3.0514 2.95 3.05 0.6668 0.7027 0.0007 0.0004 0.7818 -0.0562 -0.051386 -0.915285 12.12 
2.6880 2 1 0 0x0 2.9471 3.0529 2.95 3.05 0.6998 0.6013 0.0004 0.0008 0.7881 -0.0565 -0.054091 -0.918465 12.12 
2.6980 2 1 0 0x0 2.9486 3.0514 2.95 3.05 0.7211 0.7433 0.0004 0.0003 0.7948 -0.0569 -0.051386 -0.927891 12.12 
2.7080 2 1 0 0x0 2.9459 3.0541 2.95 3.05 0.7363 0.5741 0.0005 0.0006 0.8011 -0.0572 -0.054091 -0.929336 12.11 
2.7180 2 1 0 0x0 2.9459 3.0541 2.95 3.05 0.6176 0.6754 0.0009 0.0004 0.8071 -0.0576 -0.054091 -0.923403 12.12 
2.7280 2 1 0 0x0 2.9432 3.0568 2.94 3.06 0.6148 0.5269 0.0006 0.0006 0.8134 -0.0579 -0.056795 -0.925644 12.13 
2.7380 2 1 0 0x0 2.9432 3.0568 2.94 3.06 0.6200 0.5453 0.0004 0.0006 0.8199 -0.0583 -0.056795 -0.926604 12.12 
2.7480 2 1 0 0x0 2.9459 3.0541 2.95 3.05 0.6892 0.5669 0.0008 0.0007 0.8262 -0.0586 -0.054091 -0.923343 12.12 
2.7580 2 1 0 0x0 2.9459 3.0541 2.95 3.05 0.6923 0.5469 0.0005 0.0007 0.8326 -0.0590 -0.054091 -0.921290 12.13 
2.7680 2 1 0 0x0 2.9474 3.0526 2.95 3.05 0.5688 0.5262 0.0009 0.0005 0.8389 -0.0593 -0.051386 -0.919305 12.12 
2.7780 2 1 0 0x0 2.9459 3.0541 2.95 3.05 0.5339 0.7009 0.0008 0.0009 0.8452 -0.0596 -0.054091 -0.924215 12.13 
2.7880 2 1 0 0x0 2.9474 3.0526 2.95 3.05 0.6817 0.7396 0.0010 0.0006 0.8515 -0.0600 -0.051386 -0.928180 12.12 
2.7980 2 1 0 0x0 2.9486 3.0514 2.95 3.05 0.6742 0.7452 0.0003 0.0003 0.8580 -0.0603 -0.051386 -0.921911 12.12 
2.8080 2 1 0 0x0 2.9486 3.0514 2.95 3.05 0.6398 0.6232 0.0007 0.0008 0.8640 -0.0606 -0.051386 -0.924100 12.13 
2.8180 2 1 0 0x0 2.9501 3.0499 2.95 3.05 0.6003 0.7482 0.0007 0.0003 0.8707 -0.0610 -0.048682 -0.936489 12.12 
2.8280 2 1 0 0x0 2.9486 3.0514 2.95 3.05 0.6031 0.5487 0.0005 0.0004 0.8770 -0.0613 -0.051386 -0.935110 12.12 
2.8380 2 1 0 0x0 2.9486 3.0514 2.95 3.05 0.7177 0.6815 0.0008 0.0004 0.8831 -0.0616 -0.051386 -0.947130 12.12 
2.8480 2 1 0 0x0 2.9459 3.0541 2.95 3.05 0.7047 0.5237 0.0008 0.0008 0.8894 -0.0619 -0.054091 -0.958793 12.12 
2.8580 2 1 0 0x0 2.9459 3.0541 2.95 3.05 0.7190 0.5625 0.0009 0.0007 0.8958 -0.0623 -0.054091 -0.964259 12.13 
2.8680 2 1 0 0x0 2.9444 3.0556 2.94 3.06 0.6977 0.7098 0.0004 0.0008 0.9021 -0.0626 -0.056795 -0.958642 12.12 
2.8780 2 1 0 0x0 2.9447 3.0553 2.94 3.06 0.5645 0.7166 0.0008 0.0005 0.9084 -0.0630 -0.054091 -0.967256 12.12 
2.8880 2 1 0 0x0 2.9447 3.0553 2.94 3.06 0.5761 0.7530 0.0009 0.0004 0.9149 -0.0634 -0.054091 -0.978985 12.13 
2.8980 2 1 0 0x0 2.9447 3.0553 2.94 3.06 0.5653 0.7173 0.0009 0.0005 0.9214 -0.0637 -0.054091 -0.978734 12.12 
2.9080 2 1 0 0x0 2.9447 3.0553 2.94 3.06 0.6707 0.5886 0.0010 0.0005 0.9274 -0.0641 -0.054091 -0.975581 12.12 
2.9180 2 1 0 0x0 2.9432 3.0568 2.94 3.06 0.7376 0.7127 0.0007 0.0009 0.9337 -0.0644 -0.056795 -0.983896 12.12 
2.9280 2 1 0 0x0 2.9432 3.0568 2.94 3.06 0.7561 0.7147 0.0008 0.0008 0.9402 -0.0648 -0.056795 -0.990295 12.12 
2.9380 2 1 0 0x0 2.9432 3.0568 2.94 3.06 0.7055 0.6900 0.0008 0.0004 0.9467 -0.0651 -0.056795 -0.980463 12.12 
2.9480 2 1 0 0x0 2.9405 3.0595 2.94 3.06 0.7051 0.5545 0.0005 0.0006 0.9530 -0.0655 -0.059500 -0.980897 12.12 
2.9580 2 1 0 0x0 2.9405 3.0595 2.94 3.06 0.7282 0.5324 0.0004 0.0004 0.9594 -0.0659 -0.059500 -0.992154 12.13 
2.9680 2 1 0 0x0 2.9405 3.0595 2.94 3.06 0.7370 0.5731 0.0006 0.0005 0.9659 -0.0663 -0.059500 -0.995646 12.12 
2.9780 2 1 0 0x0 2.9390 3.0610 2.94 3.06 0.7180 0.6934 0.0007 0.0007 0.9722 -0.0667 -0.062204 -0.986881 12.12 
2.9880 2 1 0 0x0 2.9363 3.0637 2.94 3.06 0.7128 0.6308 0.0005 0.0008 0.9785 -0.0671 -0.064909 -0.993439 12.12 
2.9980 2 1 0 0x0 2.9351 3.0649 2.94 3.06 0.7343 0.6036 0.0005 0.0007 0.9849 -0.0675 -0.064909 -0.994803 12.12 
3.0080 2 1 0 0x0 2.9363 3.0637 2.94 3.06 0.6957 0.6053 0.0004 0.0008 0.9914 -0.0679 -0.064909 -0.987679 12.12 
3.0180 2 1 1 0x0 2.9393 3.0592 2.94 3.06 0.5820 0.7333 0.0004 0.0004 0.9979 -0.0683 -0.059500 -0.983169 12.11 
3.0280 2 1 1 0x0 2.9393 3.0442 2.94 3.04 0.7140 0.7679 0.0007 0.0006 1.0042 -0.0687 -0.056795 -0.982931 12.13 
3.0380 2 1 1 0x0 2.9393 3.0292 2.94 3.03 0.7373 0.7289 0.0007 0.0007 1.0107 -0.0690 -0.056795 -0.986313 12.13 
3.0480 2 1 1 0x0 2.9393 3.0142 2.94 3.01 0.6732 0.7320 0.0004 0.0006 1.0171 -0.0694 -0.056795 -0.986363 12.12 
3.0580 2 1 1 0x0 2.9393 2.9992 2.94 3.00 0.5526 0.7376 0.0006 0.0004 1.0234 -0.0697 -0.054091 -0.978735 12.12 
3.0680 2 1 1 0x0 2.9393 2.9842 2.94 2.98 0.5785 0.7397 0.0005 0.0003 1.0299 -0.0701 -0.054091 -0.979144 12.11 
3.0780 2 1 1 0x0 2.9393 2.9692 2.94 2.97 0.5679 0.7417 0.0006 0.0003 1.0364 -0.0705 -0.054091 -0.987641 12.12 
3.0880 2 1 1 0x0 2.9393 2.9542 2.94 2.95 0.6661 0.5731 0.0007 0.0005 1.0425 -0.0708 -0.054091 -0.985398 12.12 
3.0980 2 1 1 0x0 2.9393 2.9392 2.94 2.94 0.5839 0.7075 0.0008 0.0006 1.0485 -0.0711 -0.054091 -0.993662 12.12 
3.1080 2 1 1 0x0 2.9393 2.9242 2.94 2.92 0.6691 0.5447 0.0007 0.0009 1.0548 -0.0715 -0.056795 -1.006674 12.12 
3.1180 2 1 1 0x0 2.9393 2.9092 2.94 2.91 0.6043 0.5609 0.0008 0.0006 1.0613 -0.0718 -0.056795 -1.011208 12.12 
3.1280 2 1 1 0x0 2.9393 2.8942 2.94 2.89 0.5919 0.6829 0.0009 0.0006 1.0676 -0.0722 -0.059500 -1.002740 12.13 
3.1380 2 1 1 0x0 2.9393 2.8792 2.94 2.88 0.6528 0.5655 0.0008 0.0005 1.0738 -0.0726 -0.062204 -1.015292 12.12 
3.1480 2 1 1 0x0 2.9393 2.8642 2.94 2.86 0.7342 0.6866 0.0003 0.0006 1.0803 -0.0730 -0.067613 -1.026450 12.12 
3.1580 2 1 1 0x0 2.9393 2.8492 2.94 2.85 0.5739 0.5010 0.0008 0.0008 1.0864 -0.0735 -0.067613 -1.026192 12.12 
3.1680 2 1 1 0x0 2.9393 2.8342 2.94 2.83 0.6157 0.7195 0.0004 0.0009 1.0927 -0.0739 -0.070318 -1.020879 12.13 
3.1780 2 1 1 0x0 2.9393 2.8192 2.94 2.82 0.7244 0.6936 0.0009 0.0004 1.0989 -0.0743 -0.067613 -1.028671 12.12 
3.1880 2 1 1 0x0 2.9393 2.8042 2.94 2.80 0.7406 0.5817 0.0009 0.0005 1.1052 -0.0748 -0.070318 -1.036943 12.13 
3.1980 2 1 1 0x0 2.9393 2.7892 2.94 2.79 0.6957 0.5165 0.0009 0.0009 1.1113 -0.0752 -0.075727 -1.029809 12.12 
3.2079 2 1 1 0x0 2.9393 2.7742 2.94 2.77 0.5528 0.6638 0.0009 0.0007 1.1173 -0.0757 -0.075727 -1.027825 12.12 
3.2179 2 1 1 0x0 2.9393 2.7592 2.94 2.76 0.5519 0.5779 0.0006 0.0004 1.1236 -0.0762 -0.078432 -1.037956 12.12 
3.2279 2 1 1 0x0 2.9393 2.7442 2.94 2.74 0.5859 0.5128 0.0007 0.0007 1.1297 -0.0767 -0.083841 -1.040890 12.12 
3.2379 2 1 1 0x0 2.9393 2.7292 2.94 2.73 0.5511 0.6716 0.0007 0.0004 1.1359 -0.0772 -0.086545 -1.036535 12.13 
3.2479 2 1 1 0x0 2.9393 2.7142 2.94 2.71 0.6855 0.6695 0.0009 0.0006 1.1418 -0.0777 -0.089250 -1.040635 12.12 
3.2579 2 1 1 0x0 2.9393 2.6992 2.94 2.70 0.7136 0.6382 0.0008 0.0009 1.1479 -0.0783 -0.094659 -1.052562 12.13 
3.2679 2 1 1 0x0 2.9393 2.6842 2.94 2.68 0.7350 0.5525 0.0008 0.0004 1.1541 -0.0789 -0.097363 -1.047645 12.13 
3.2779 2 1 1 0x0 2.9393 2.6692 2.94 2.67 0.6705 0.4757 0.0005 0.0005 1.1602 -0.0795 -0.102773 -1.041480 12.12 
3.2879 2 1 1 0x0 2.9393 2.6542 2.94 2.65 0.5905 0.7096 0.0008 0.0003 1.1662 -0.0801 -0.102773 -1.042493 12.13 
3.2979 2 1 1 0x0 2.9393 2.6392 2.94 2.64 0.6205 0.6706 0.0007 0.0009 1.1723 -0.0808 -0.108182 -1.037994 12.13 
3.3079 2 1 1 0x0 2.9393 2.6242 2.94 2.62 0.5789 0.6410 0.0006 0.0011 1.1783 -0.0814 -0.113591 -1.041220 12.12 
3.3179 2 1 1 0x0 2.9393 2.6092 2.94 2.61 0.7208 0.6187 0.0009 0.0009 1.1842 -0.0821 -0.116295 -1.040145 12.12 
3.3279 2 1 1 0x0 2.9393 2.5942 2.94 2.59 0.6902 0.6452 0.0006 0.0011 1.1902 -0.0828 -0.121704 -1.041183 12.12 
3.3379 2 1 1 0x0 2.9393 2.5792 2.94 2.58 0.6902 0.6222 0.0003 0.0009 1.1963 -0.0836 -0.127113 -1.038292 12.11 
3.3479 2 1 1 0x0 2.9393 2.5642 2.94 2.56 0.5583 0.6272 0.0004 0.0005 1.2021 -0.0843 -0.129818 -1.032163 12.13 
3.3579 2 1 1 0x0 2.9393 2.5492 2.94 2.55 0.7018 0.4710 0.0007 0.0008 1.2077 -0.0851 -0.135227 -1.035017 12.12 
3.3679 2 1 1 0x0 2.9393 2.5342 2.94 2.53 0.7217 0.5772 0.0008 0.0010 1.2135 -0.0859 -0.143341 -1.037934 12.12 
3.3779 2 1 1 0x0 2.9393 2.5192 2.94 2.52 0.6836 0.4918 0.0006 0.0010 1.2194 -0.0868 -0.151454 -1.031185 12.12 
3.3879 2 1 1 0x0 2.9393 2.5042 2.94 2.50 0.7132 0.4975 0.0004 0.0004 1.2254 -0.0877 -0.156863 -1.028492 12.13 
3.3979 2 1 1 0x0 2.9393 2.4892 2.94 2.49 0.7314 0.6052 0.0004 0.0010 1.2312 -0.0886 -0.164977 -1.031266 12.13 
3.4079 2 1 1 0x0 2.9393 2.4742 2.94 2.47 0.7141 0.5052 0.0005 0.0011 1.2370 -0.0896 -0.173091 -1.034546 12.13 
3.4179 2 1 1 0x0 2.9393 2.4592 2.94 2.46 0.7099 0.5660 0.0003 0.0007 1.2428 -0.0906 -0.181204 -1.029630 12.12 
3.4279 2 1 1 0x0 2.9393 2.4442 2.94 2.44 0.6181 0.5860 0.0008 0.0012 1.2482 -0.0916 -0.189318 -1.026783 12.13 
3.4379 2 1 1 0x0 2.9393 2.4293 2.94 2.43 0.5951 0.4226 0.0006 0.0008 1.2539 -0.0928 -0.197431 -1.022049 12.12 
3.4479 2 1 1 0x0 2.9393 2.4143 2.94 2.41 0.5998 0.4229 0.0005 0.0010 1.2595 -0.0939 -0.208249 -1.016854 12.13 
3.4579 2 1 1 0x0 2.9393 2.3993 2.94 2.40 0.6117 0.5352 0.0005 0.0004 1.2652 -0.0951 -0.216363 -1.016105 12.13 
3.4679 2 1 1 0x0 2.9393 2.3843 2.94 2.38 0.5787 0.5557 0.0006 0.0005 1.2708 -0.0964 -0.227181 -1.012973 12.14 
3.4779 2 1 1 0x0 2.9393 2.3693 2.94 2.37 0.6106 0.5376 0.0005 0.0005 1.2763 -0.0977 -0.237999 -1.009134 12.13 
3.4879 2 1 1 0x0 2.9393 2.3543 2.94 2.35 0.5938 0.4086 0.0005 0.0012 1.2816 -0.0990 -0.251522 -1.008007 12.13 
3.4979 2 1 1 0x0 2.9393 2.3393 2.94 2.34 0.6901 0.4076 0.0009 0.0009 1.2869 -0.1004 -0.259636 -1.003364 12.12 
3.5079 2 1 1 0x0 2.9393 2.3243 2.94 2.32 0.7124 0.4063 0.0008 0.0006 1.2924 -0.1019 -0.270454 -1.000078 12.13 
3.5179 2 1 1 0x0 2.9393 2.3093 2.94 2.31 0.7262 0.5336 0.0009 0.0011 1.2977 -0.1034 -0.283977 -1.001320 12.12 
3.5279 2 1 1 0x0 2.9393 2.2943 2.94 2.29 0.6357 0.5021 0.0004 0.0005 1.3033 -0.1051 -0.297499 -0.999576 12.13 
3.5379 2 1 1 0x0 2.9393 2.2793 2.94 2.28 0.7307 0.4223 0.0009 0.0007 1.3083 -0.1067 -0.308318 -0.995635 12.13 
3.5479 2 1 1 0x0 2.9393 2.2643 2.94 2.26 0.6282 0.5173 0.0003 0.0009 1.3137 -0.1085 -0.324545 -0.994870 12.12 
3.5579 2 1 1 0x0 2.9393 2.2493 2.94 2.25 0.5920 0.3871 0.0004 0.0012 1.3189 -0.1102 -0.338068 -0.990530 12.12 
3.5679 2 1 1 0x0 2.9393 2.2343 2.94 2.23 0.7292 0.4846 0.0008 0.0010 1.3239 -0.1120 -0.348886 -0.985115 12.12 
3.5779 2 1 1 0x0 2.9393 2.2193 2.94 2.22 0.7264 0.4486 0.0006 0.0012 1.3290 -0.1139 -0.362409 -0.982443 12.12 
3.5879 2 1 1 0x0 2.9393 2.2043 2.94 2.20 0.7482 0.4987 0.0006 0.0014 1.3341 -0.1159 -0.375932 -0.982194 12.12 
3.5979 2 1 1 0x0 2.9393 2.1893 2.94 2.19 0.5557 0.3670 0.0010 0.0011 1.3392 -0.1179 -0.389455 -0.976665 12.13 
3.6079 2 1 1 0x0 2.9393 2.1743 2.94 2.17 0.5519 0.3904 0.0006 0.0013 1.3439 -0.1199 -0.402977 -0.974766 12.13 
3.6179 2 1 1 0x0 2.9393 2.1593 2.94 2.16 0.5598 0.4844 0.0006 0.0012 1.3489 -0.1221 -0.416500 -0.981765 12.14 
3.6279 2 1 1 0x0 2.9393 2.1443 2.94 2.14 0.5728 0.3479 0.0007 0.0007 1.3539 -0.1243 -0.430023 -0.978217 12.13 
3.6379 2 1 1 0x0 2.9393 2.1293 2.94 2.13 0.5435 0.3978 0.0007 0.0006 1.3587 -0.1265 -0.446250 -0.973784 12.13 
3.6479 2 1 1 0x0 2.9393 2.1143 2.94 2.11 0.7405 0.3481 0.0003 0.0007 1.3636 -0.1289 -0.465182 -0.976002 12.13 
3.6579 2 1 1 0x0 2.9393 2.0993 2.94 2.10 0.6924 0.3779 0.0003 0.0006 1.3683 -0.1313 -0.481410 -0.978317 12.13 
3.6679 2 1 1 0x0 2.9393 2.0843 2.94 2.08 0.5654 0.3401 0.0007 0.0006 1.3728 -0.1337 -0.494932 -0.971962 12.13 
3.6779 2 1 1 0x0 2.9393 2.0693 2.94 2.07 0.5697 0.4532 0.0005 0.0015 1.3772 -0.1362 -0.513864 -0.967218 12.14 
3.6879 2 1 2 0x0 2.9453 2.0603 2.95 2.06 0.5806 0.4172 0.0006 0.0010 1.3818 -0.1388 -0.530091 -0.963804 12.14 
3.6979 2 1 2 0x0 2.9603 2.0603 2.96 2.06 0.5498 0.3270 0.0007 0.0011 1.3861 -0.1414 -0.549023 -0.962498 12.13 
3.7079 2 1 2 0x0 2.9753 2.0603 2.98 2.06 0.5887 0.4153 0.0008 0.0014 1.3904 -0.1441 -0.567955 -0.960449 12.12 
3.7179 2 1 2 0x0 2.9903 2.0603 2.99 2.06 0.7407 0.4298 0.0003 0.0009 1.3950 -0.1471 -0.586886 -0.955449 12.12 
3.7279 2 1 2 0x0 3.0053 2.0603 3.01 2.06 0.7454 0.3141 0.0006 0.0014 1.3992 -0.1499 -0.605818 -0.952546 12.12 
3.7379 2 1 2 0x0 3.0203 2.0603 3.02 2.06 0.7428 0.3786 0.0009 0.0009 1.4035 -0.1530 -0.622045 -0.953711 12.12 
3.7479 2 1 2 0x0 3.0353 2.0603 3.04 2.06 0.6349 0.4280 0.0006 0.0015 1.4078 -0.1561 -0.643681 -0.954237 12.13 
3.7579 2 1 2 0x0 3.0503 2.0603 3.05 2.06 0.5883 0.3978 0.0004 0.0005 1.4120 -0.1593 -0.659908 -0.948452 12.12 
3.7679 2 1 2 0x0 3.0653 2.0603 3.07 2.06 0.6293 0.4157 0.0005 0.0015 1.4158 -0.1623 -0.681544 -0.948489 12.12 
3.7779 2 1 2 0x0 3.0803 2.0603 3.08 2.06 0.7870 0.3455 0.0004 0.0014 1.4199 -0.1657 -0.703180 -0.953072 12.12 
3.7879 2 1 2 0x0 3.0953 2.0603 3.10 2.06 0.7146 0.3101 0.0006 0.0016 1.4236 -0.1688 -0.724816 -0.948060 12.12 
3.7979 2 1 2 0x0 3.1103 2.0603 3.11 2.06 0.7337 0.3235 0.0006 0.0016 1.4272 -0.1721 -0.746452 -0.945880 12.12 
3.8079 2 1 2 0x0 3.1253 2.0603 3.13 2.06 0.5853 0.4070 0.0005 0.0011 1.4310 -0.1757 -0.768088 -0.947711 12.12 
3.8179 2 1 2 0x0 3.1403 2.0603 3.14 2.06 0.7256 0.3742 0.0003 0.0017 1.4346 -0.1793 -0.792429 -0.947472 12.11 
3.8279 2 1 2 0x0 3.1553 2.0603 3.16 2.06 0.7793 0.3748 0.0004 0.0016 1.4380 -0.1828 -0.814065 -0.944143 12.12 
3.8379 2 1 2 0x0 3.1703 2.0603 3.17 2.06 0.6493 0.2821 0.0004 0.0008 1.4416 -0.1866 -0.835701 -0.947110 12.11 
3.8479 2 1 2 0x0 3.1853 2.0603 3.19 2.06 0.7449 0.2723 0.0004 0.0010 1.4449 -0.1905 -0.860042 -0.949883 12.12 
3.8579 2 1 2 0x0 3.2003 2.0603 3.20 2.06 0.7872 0.3570 0.0007 0.0016 1.4479 -0.1940 -0.884383 -0.947480 12.12 
3.8679 2 1 2 0x0 3.2153 2.0603 3.22 2.06 0.6339 0.3943 0.0007 0.0018 1.4511 -0.1980 -0.908724 -0.948573 12.11 
3.8779 2 1 2 0x0 3.2303 2.0603 3.23 2.06 0.7038 0.3566 0.0004 0.0018 1.4543 -0.2022 -0.935769 -0.955069 12.13 
3.8879 2 1 2 0x0 3.2453 2.0603 3.25 2.06 0.7564 0.2659 0.0004 0.0019 1.4571 -0.2061 -0.962814 -0.952525 12.11 
3.8979 2 1 2 0x0 3.2543 2.0693 3.25 2.07 0.6269 0.3074 0.0004 0.0010 1.4600 -0.2103 -0.987155 -0.949965 12.13 
3.9079 2 1 2 0x0 3.2543 2.0843 3.25 2.08 0.7937 0.3345 0.0005 0.0014 1.4626 -0.2144 -1.014200 -0.948600 12.13 
3.9179 2 1 2 0x0 3.2543 2.0993 3.25 2.10 0.6460 0.3601 0.0007 0.0010 1.4652 -0.2188 -1.038542 -0.952287 12.12 
3.9279 2 1 2 0x0 3.2543 2.1143 3.25 2.11 0.7761 0.2339 0.0009 0.0014 1.4677 -0.2230 -1.065587 -0.947710 12.12 
3.9379 2 1 2 0x0 3.2543 2.1293 3.25 2.13 0.8166 0.3669 0.0007 0.0016 1.4700 -0.2275 -1.095337 -0.945153 12.12 
3.9479 2 1 2 0x0 3.2543 2.1443 3.25 2.14 0.8434 0.3577 0.0007 0.0017 1.4724 -0.2322 -1.122383 -0.946185 12.12 
3.9579 2 1 2 0x0 3.2543 2.1593 3.25 2.16 0.7792 0.2755 0.0007 0.0019 1.4745 -0.2368 -1.152133 -0.945191 12.11 
3.9679 2 1 2 0x0 3.2543 2.1743 3.25 2.17 0.7783 0.3072 0.0005 0.0009 1.4766 -0.2416 -1.179179 -0.942407 12.12 
3.9779 2 1 2 0x0 3.2543 2.1893 3.25 2.19 0.8091 0.3015 0.0004 0.0011 1.4786 -0.2465 -1.206225 -0.943062 12.12 
3.9879 2 1 2 0x0 3.2543 2.2043 3.25 2.20 0.8217 0.3398 0.0005 0.0020 1.4803 -0.2513 -1.235976 -0.946209 12.12 
3.9979 2 1 2 0x0 3.2543 2.2193 3.25 2.22 0.5979 0.2429 0.0007 0.0020 1.4818 -0.2559 -1.263021 -0.945458 12.11 
4.0079 2 1 2 0x0 3.2543 2.2343 3.25 2.23 0.6928 0.3608 0.0005 0.0006 1.4834 -0.2611 -1.287363 -0.944086 12.11 
4.0179 2 1 2 0x0 3.2543 2.2493 3.25 2.25 0.6592 0.2377 0.0004 0.0012 1.4848 -0.2660 -1.317113 -0.943616 12.11 
4.0279 2 1 2 0x0 3.2543 2.2643 3.25 2.26 0.7784 0.3672 0.0007 0.0014 1.4859 -0.2708 -1.344158 -0.939521 12.11 
4.0379 2 1 2 0x0 3.2543 2.2793 3.25 2.28 0.8066 0.3850 0.0006 0.0017 1.4871 -0.2759 -1.371204 -0.937521 12.11 
4.0479 2 1 2 0x0 3.2543 2.2943 3.25 2.29 0.8238 0.2763 0.0007 0.0008 1.4881 -0.2813 -1.395546 -0.935951 12.11 
4.0579 2 1 2 0x0 3.2543 2.3093 3.25 2.31 0.7954 0.3490 0.0008 0.0017 1.4889 -0.2863 -1.425296 -0.932047 12.11 
4.0679 2 1 2 0x0 3.2543 2.3243 3.25 2.32 0.8182 0.3119 0.0008 0.0013 1.4896 -0.2917 -1.449637 -0.932816 12.11 
4.0779 2 1 2 0x0 3.2543 2.3393 3.25 2.34 0.6232 0.3973 0.0005 0.0013 1.4902 -0.2974 -1.476683 -0.936889 12.12 
4.0879 2 1 2 0x0 3.2543 2.3543 3.25 2.35 0.7786 0.3438 0.0008 0.0010 1.4906 -0.3024 -1.501024 -0.933279 12.10 
4.0979 2 1 2 0x0 3.2543 2.3693 3.25 2.37 0.7733 0.3410 0.0007 0.0007 1.4909 -0.3079 -1.525366 -0.934398 12.11 
4.1079 2 1 2 0x0 3.2543 2.3843 3.25 2.38 0.8383 0.4344 0.0007 0.0008 1.4911 -0.3134 -1.549707 -0.935378 12.11 
4.1179 2 1 2 0x0 3.2543 2.3993 3.25 2.40 0.6687 0.3498 0.0004 0.0016 1.4911 -0.3189 -1.579457 -0.930019 12.11 
4.1279 2 1 2 0x0 3.2543 2.4143 3.25 2.41 0.7071 0.3239 0.0006 0.0007 1.4910 -0.3243 -1.603799 -0.931814 12.11 
4.1379 2 1 2 0x0 3.2543 2.4293 3.25 2.43 0.8539 0.4327 0.0004 0.0010 1.4908 -0.3300 -1.630845 -0.934705 12.10 
4.1479 2 1 2 0x0 3.2543 2.4442 3.25 2.44 0.8513 0.4340 0.0008 0.0008 1.4904 -0.3357 -1.652482 -0.936823 12.12 
4.1579 2 1 2 0x0 3.2543 2.4592 3.25 2.46 0.7077 0.3510 0.0005 0.0012 1.4898 -0.3411 -1.682232 -0.933624 12.11 
4.1679 2 1 2 0x0 3.2543 2.4742 3.25 2.47 0.6548 0.3320 0.0007 0.0011 1.4891 -0.3466 -1.706573 -0.934021 12.11 
4.1779 2 1 2 0x0 3.2543 2.4892 3.25 2.49 0.8700 0.3417 0.0005 0.0009 1.4883 -0.3524 -1.730915 -0.936117 12.12 
4.1879 2 1 2 0x0 3.2543 2.5042 3.25 2.50 0.8256 0.3067 0.0008 0.0010 1.4874 -0.3576 -1.757961 -0.931790 12.11 
4.1979 2 1 2 0x0 3.2543 2.5192 3.25 2.52 0.6169 0.4474 0.0003 0.0010 1.4862 -0.3631 -1.785007 -0.929830 12.11 
4.2079 2 1 2 0x0 3.2543 2.5342 3.25 2.53 0.7141 0.4337 0.0006 0.0011 1.4850 -0.3687 -1.806644 -0.932563 12.11 
4.2179 2 1 2 0x0 3.2543 2.5492 3.25 2.55 0.8428 0.3261 0.0004 0.0010 1.4836 -0.3742 -1.833690 -0.934510 12.11 
4.2279 2 1 2 0x0 3.2543 2.5642 3.25 2.56 0.8047 0.3416 0.0007 0.0012 1.4821 -0.3792 -1.860735 -0.930626 12.11 
4.2379 2 1 2 0x0 3.2543 2.5792 3.25 2.58 0.7088 0.3815 0.0004 0.0012 1.4804 -0.3849 -1.885077 -0.931168 12.12 
4.2479 2 1 2 0x0 3.2543 2.5942 3.25 2.59 0.8499 0.5086 0.0002 0.0011 1.4784 -0.3906 -1.906714 -0.935080 12.12 
4.2579 2 1 2 0x0 3.2543 2.6092 3.25 2.61 0.8469 0.3616 0.0006 0.0010 1.4765 -0.3960 -1.928350 -0.931483 12.11 
4.2679 2 1 2 0x0 3.2543 2.6242 3.25 2.62 0.7492 0.3753 0.0004 0.0010 1.4744 -0.4013 -1.955396 -0.936880 12.11 
4.2779 2 1 2 0x0 3.2543 2.6392 3.25 2.64 0.6718 0.4775 0.0008 0.0008 1.4722 -0.4067 -1.974329 -0.937590 12.12 
4.2879 2 1 2 0x0 3.2543 2.6542 3.25 2.65 0.8333 0.3401 0.0006 0.0006 1.4699 -0.4119 -2.001374 -0.933131 12.11 
4.2979 2 1 2 0x0 3.2543 2.6692 3.25 2.67 0.7255 0.4605 0.0004 0.0012 1.4674 -0.4170 -2.028421 -0.941291 12.11 
4.3079 2 1 2 0x0 3.2543 2.6842 3.25 2.68 0.6382 0.4559 0.0005 0.0011 1.4648 -0.4223 -2.047353 -0.938695 12.12 
4.3179 2 1 2 0x0 3.2543 2.6992 3.25 2.70 0.7224 0.3104 0.0005 0.0010 1.4621 -0.4273 -2.068990 -0.935322 12.11 
4.3279 2 1 2 0x0 3.2543 2.7142 3.25 2.71 0.6684 0.3847 0.0007 0.0007 1.4594 -0.4322 -2.090627 -0.944681 12.10 
4.3379 2 1 2 0x0 3.2543 2.7292 3.25 2.73 0.8488 0.4085 0.0004 0.0013 1.4565 -0.4371 -2.117673 -0.941812 12.11 
4.3479 2 1 2 0x0 3.2543 2.7442 3.25 2.74 0.8500 0.4741 0.0008 0.0010 1.4535 -0.4420 -2.139310 -0.940501 12.11 
4.3579 2 1 2 0x0 3.2543 2.7592 3.25 2.76 0.6715 0.4722 0.0007 0.0013 1.4502 -0.4469 -2.163652 -0.942492 12.10 
4.3679 2 1 2 0x0 3.2543 2.7742 3.25 2.77 0.8808 0.4187 0.0006 0.0008 1.4468 -0.4519 -2.185289 -0.950313 12.11 
4.3779 2 1 2 0x0 3.2543 2.7892 3.25 2.79 0.6974 0.4473 0.0005 0.0006 1.4432 -0.4568 -2.206926 -0.949350 12.11 
4.3879 2 1 2 0x0 3.2543 2.8042 3.25 2.80 0.8647 0.3877 0.0003 0.0013 1.4398 -0.4613 -2.233972 -0.946427 12.12 
4.3979 2 1 2 0x0 3.2543 2.8192 3.25 2.82 0.8548 0.5056 0.0007 0.0011 1.4361 -0.4659 -2.252904 -0.946510 12.10 
4.4079 2 1 2 0x0 3.2543 2.8342 3.25 2.83 0.7150 0.4431 0.0006 0.0016 1.4324 -0.4705 -2.277246 -0.947690 12.10 
4.4179 2 1 2 0x0 3.2543 2.8492 3.25 2.85 0.8852 0.4576 0.0005 0.0012 1.4284 -0.4751 -2.298883 -0.946503 12.10 
4.4279 2 1 2 0x0 3.2530 2.8642 3.25 2.86 0.6570 0.4857 0.0005 0.0010 1.4242 -0.4797 -2.317815 -0.952351 12.11 
4.4379 2 1 2 0x0 3.2389 2.8792 3.24 2.88 0.8518 0.5685 0.0004 0.0006 1.4197 -0.4844 -2.334043 -0.958216 12.12 
4.4479 2 1 2 0x0 3.2239 2.8942 3.22 2.89 0.8060 0.4744 0.0008 0.0012 1.4157 -0.4885 -2.355680 -0.954135 12.11 
4.4579 2 1 2 0x0 3.2089 2.9092 3.21 2.91 0.6435 0.5658 0.0007 0.0011 1.4113 -0.4929 -2.374612 -0.960041 12.11 
4.4679 2 1 2 0x0 3.1939 2.9242 3.19 2.92 0.8644 0.6414 0.0008 0.0008 1.4064 -0.4975 -2.388135 -0.959002 12.12 
4.4779 2 1 2 0x0 3.1789 2.9392 3.18 2.94 0.7005 0.4365 0.0005 0.0007 1.4018 -0.5018 -2.407068 -0.953706 12.11 
4.4879 2 1 2 0x0 3.1639 2.9542 3.16 2.95 0.8690 0.4538 0.0002 0.0009 1.3972 -0.5058 -2.428705 -0.952587 12.11 
4.4979 2 1 2 0x0 3.1489 2.9692 3.15 2.97 0.8604 0.6188 0.0007 0.0007 1.3924 -0.5099 -2.442228 -0.953847 12.11 
4.5079 2 1 2 0x0 3.1339 2.9842 3.13 2.98 0.8286 0.4413 0.0008 0.0012 1.3879 -0.5136 -2.461160 -0.953166 12.10 
4.5179 2 1 2 0x0 3.1189 2.9992 3.12 3.00 0.8079 0.4389 0.0008 0.0007 1.3831 -0.5174 -2.477388 -0.956420 12.11 
4.5279 2 1 2 0x0 3.1039 3.0142 3.10 3.01 0.7967 0.5107 0.0007 0.0011 1.3785 -0.5210 -2.496320 -0.956361 12.11 
4.5379 2 1 2 0x0 3.0889 3.0292 3.09 3.03 0.8112 0.5136 0.0009 0.0006 1.3734 -0.5247 -2.509843 -0.961499 12.11 
4.5479 2 1 2 0x0 3.0739 3.0442 3.07 3.04 0.8046 0.5085 0.0007 0.0013 1.3686 -0.5282 -2.528775 -0.959426 12.11 
4.5579 2 1 2 0x0 3.0589 3.0592 3.06 3.06 0.8033 0.4806 0.0005 0.0006 1.3635 -0.5317 -2.542299 -0.953958 12.10 
4.5679 2 1 2 0x0 3.0439 3.0742 3.04 3.07 0.8402 0.6180 0.0004 0.0008 1.3582 -0.5353 -2.555822 -0.954372 12.11 
4.5779 2 1 2 0x0 3.0289 3.0892 3.03 3.09 0.8268 0.4236 0.0003 0.0011 1.3530 -0.5387 -2.569345 -0.958109 12.11 
4.5879 2 1 3 0x0 3.0139 3.1027 3.01 3.10 0.6433 0.6171 0.0005 0.0008 1.3479 -0.5420 -2.580163 -0.956692 12.10 
4.5978 2 1 4 0x0 2.9989 3.1027 3.00 3.10 0.6920 0.4980 0.0004 0.0008 1.3425 -0.5453 -2.593686 -0.955017 12.11 
4.6078 2 1 4 0x0 2.9839 3.1027 2.98 3.10 0.8147 0.5079 0.0009 0.0007 1.3371 -0.5486 -2.601800 -0.956951 12.11 
4.6178 2 1 4 0x0 2.9689 3.1027 2.97 3.10 0.7816 0.5165 0.0005 0.0009 1.3316 -0.5519 -2.612619 -0.953621 12.12 
4.6278 2 1 4 0x0 2.9539 3.1027 2.95 3.10 0.7130 0.6428 0.0006 0.0008 1.3263 -0.5549 -2.623437 -0.950812 12.12 
4.6378 2 1 4 0x0 2.9389 3.1027 2.94 3.10 0.6178 0.6178 0.0004 0.0006 1.3206 -0.5581 -2.634256 -0.949378 12.11 
4.6478 2 1 4 0x0 2.9239 3.1027 2.92 3.10 0.7638 0.6176 0.0006 0.0007 1.3151 -0.5611 -2.642370 -0.952924 12.12 
4.6578 2 1 4 0x0 2.9089 3.1027 2.91 3.10 0.6251 0.6201 0.0004 0.0005 1.3096 -0.5641 -2.650483 -0.954326 12.11 
4.6678 2 1 4 0x0 2.8939 3.1027 2.89 3.10 0.7865 0.5741 0.0003 0.0008 1.3042 -0.5669 -2.661302 -0.951315 12.10 
4.6778 2 1 4 0x0 2.8789 3.1027 2.88 3.10 0.7386 0.6226 0.0008 0.0004 1.2986 -0.5698 -2.664006 -0.952009 12.12 
4.6878 2 1 4 0x0 2.8639 3.1027 2.86 3.10 0.5791 0.6517 0.0006 0.0003 1.2930 -0.5727 -2.672120 -0.962458 12.11 
4.6978 2 1 4 0x0 2.8489 3.1027 2.85 3.10 0.5719 0.6501 0.0007 0.0005 1.2876 -0.5754 -2.677530 -0.963167 12.12 
4.7078 2 1 4 0x0 2.8339 3.1027 2.83 3.10 0.5370 0.6209 0.0006 0.0007 1.2821 -0.5781 -2.682939 -0.958151 12.11 
4.7178 2 1 4 0x0 2.8189 3.1027 2.82 3.10 0.5705 0.6209 0.0007 0.0008 1.2767 -0.5808 -2.688348 -0.954352 12.12 
4.7278 2 1 4 0x0 2.8039 3.1027 2.80 3.10 0.5616 0.6785 0.0008 0.0008 1.2712 -0.5835 -2.693757 -0.951818 12.11 
4.7378 2 1 4 0x0 2.7889 3.1027 2.79 3.10 0.5700 0.5922 0.0008 0.0008 1.2655 -0.5862 -2.696462 -0.950413 12.12 
4.7478 2 1 4 0x0 2.7739 3.1027 2.77 3.10 0.5785 0.6814 0.0008 0.0006 1.2598 -0.5889 -2.699167 -0.959944 12.13 
4.7578 2 1 4 0x0 2.7589 3.1027 2.76 3.10 0.5562 0.5043 0.0005 0.0007 1.2542 -0.5916 -2.701871 -0.964569 12.12 
4.7678 2 1 4 0x0 2.7439 3.1027 2.74 3.10 0.6840 0.5670 0.0007 0.0005 1.2488 -0.5941 -2.704576 -0.959669 12.12 
4.7778 2 1 4 0x0 2.7289 3.1027 2.73 3.10 0.5952 0.5228 0.0008 0.0009 1.2435 -0.5965 -2.707280 -0.964421 12.12 
4.7878 2 1 4 0x0 2.7139 3.1027 2.71 3.10 0.6743 0.5187 0.0009 0.0005 1.2378 -0.5992 -2.704576 -0.966754 12.12 
4.7978 2 1 4 0x0 2.6989 3.1027 2.70 3.10 0.5030 0.5684 0.0008 0.0008 1.2325 -0.6017 -2.707280 -0.959592 12.12 
4.8078 2 1 4 0x0 2.6839 3.1027 2.68 3.10 0.6645 0.6858 0.0006 0.0005 1.2269 -0.6042 -2.707280 -0.962570 12.12 
4.8178 2 1 4 0x0 2.6689 3.1027 2.67 3.10 0.5558 0.5393 0.0006 0.0008 1.2214 -0.6068 -2.707280 -0.963256 12.13 
4.8278 2 1 4 0x0 2.6539 3.1027 2.65 3.10 0.6543 0.5383 0.0004 0.0007 1.2157 -0.6095 -2.704576 -0.958585 12.13 
4.8378 2 1 4 0x0 2.6389 3.1027 2.64 3.10 0.6529 0.7141 0.0007 0.0009 1.2104 -0.6120 -2.701871 -0.953937 12.12 
4.8478 2 1 4 0x0 2.6239 3.1027 2.62 3.10 0.5392 0.7236 0.0005 0.0005 1.2047 -0.6146 -2.699167 -0.952035 12.12 
4.8578 2 1 4 0x0 2.6089 3.1027 2.61 3.10 0.6429 0.5616 0.0004 0.0004 1.1992 -0.6173 -2.699167 -0.952709 12.11 
4.8678 2 1 4 0x0 2.5939 3.1027 2.59 3.10 0.6438 0.6936 0.0007 0.0004 1.1939 -0.6198 -2.696462 -0.947542 12.12 
4.8778 2 1 4 0x0 2.5789 3.1027 2.58 3.10 0.6759 0.5151 0.0010 0.0007 1.1886 -0.6223 -2.693757 -0.944457 12.13 
4.8878 2 1 4 0x0 2.5639 3.1027 2.56 3.10 0.5189 0.5497 0.0009 0.0004 1.1829 -0.6250 -2.691053 -0.946578 12.13 
4.8978 2 1 4 0x0 2.5489 3.1027 2.55 3.10 0.6271 0.7292 0.0003 0.0007 1.1774 -0.6277 -2.691053 -0.945359 12.11 
4.9078 2 1 4 0x0 2.5339 3.1027 2.53 3.10 0.4991 0.6049 0.0009 0.0008 1.1723 -0.6302 -2.685643 -0.943208 12.12 
4.9178 2 1 4 0x0 2.5189 3.1027 2.52 3.10 0.5262 0.6658 0.0007 0.0007 1.1671 -0.6328 -2.682939 -0.940440 12.13 
4.9278 2 1 4 0x0 2.5039 3.1027 2.50 3.10 0.4871 0.5129 0.0005 0.0008 1.1618 -0.6354 -2.680234 -0.937233 12.13 
4.9378 2 1 4 0x0 2.4889 3.1027 2.49 3.10 0.6135 0.7286 0.0008 0.0010 1.1567 -0.6379 -2.674825 -0.932814 12.12 
4.9478 2 1 4 0x0 2.4739 3.1027 2.47 3.10 0.5067 0.7319 0.0010 0.0008 1.1515 -0.6406 -2.666711 -0.931739 12.12 
4.9578 2 1 4 0x0 2.4589 3.1027 2.46 3.10 0.4944 0.7001 0.0006 0.0006 1.1461 -0.6434 -2.661302 -0.933729 12.13 
4.9678 2 1 4 0x0 2.4439 3.1027 2.44 3.10 0.6033 0.5768 0.0008 0.0005 1.1410 -0.6460 -2.655893 -0.932430 12.12 
4.9778 2 1 4 0x0 2.4289 3.1027 2.43 3.10 0.5209 0.6684 0.0007 0.0007 1.1360 -0.6487 -2.650483 -0.931430 12.12 
4.9878 2 1 4 0x0 2.4139 3.1027 2.41 3.10 0.5942 0.7051 0.0005 0.0003 1.1309 -0.6515 -2.642370 -0.926835 12.12 
4.9978 2 1 4 0x0 2.3989 3.1027 2.40 3.10 0.5648 0.5296 0.0010 0.0008 1.1261 -0.6541 -2.634256 -0.925403 12.12 
5.0078 2 1 4 0x0 2.3839 3.1027 2.38 3.10 0.4684 0.5477 0.0007 0.0007 1.1209 -0.6570 -2.626142 -0.927117 12.12 
5.0178 2 1 4 0x0 2.3689 3.1027 2.37 3.10 0.4420 0.6997 0.0011 0.0008 1.1162 -0.6597 -2.618028 -0.922806 12.12 
5.0278 2 1 4 0x0 2.3539 3.1027 2.35 3.10 0.5392 0.7388 0.0005 0.0005 1.1111 -0.6627 -2.609914 -0.918661 12.13 
5.0378 2 1 4 0x0 2.3389 3.1027 2.34 3.10 0.5443 0.7406 0.0006 0.0005 1.1062 -0.6656 -2.599096 -0.921229 12.12 
5.0478 2 1 4 0x0 2.3239 3.1027 2.32 3.10 0.5543 0.7409 0.0007 0.0006 1.1014 -0.6686 -2.588277 -0.925683 12.13 
5.0578 2 1 4 0x0 2.3089 3.1027 2.31 3.10 0.5256 0.5974 0.0007 0.0008 1.0967 -0.6715 -2.580163 -0.922233 12.12 
5.0678 2 1 4 0x0 2.2939 3.1027 2.29 3.10 0.5404 0.6204 0.0006 0.0007 1.0919 -0.6745 -2.569345 -0.921524 12.12 
5.0778 2 1 4 0x0 2.2789 3.1027 2.28 3.10 0.5190 0.6480 0.0004 0.0007 1.0872 -0.6776 -2.558526 -0.918635 12.12 
5.0878 2 1 4 0x0 2.2639 3.1027 2.26 3.10 0.3939 0.7478 0.0010 0.0003 1.0825 -0.6808 -2.542299 -0.918904 12.12 
5.0978 8 1 4 0x1 2.2489 3.1027 2.25 3.10 0.4034 0.7497 0.0007 0.0003 1.0778 -0.6840 -2.531480 -0.915604 12.12 
5.1078 8 1 4 0x0 2.2339 3.1027 2.23 3.10 0.5085 0.7137 0.0011 0.0004 1.0733 -0.6872 -2.517957 -0.913110 12.12 
5.1178 8 1 4 0x0 2.2189 3.1027 2.22 3.10 0.5189 0.7465 0.0005 0.0006 1.0687 -0.6905 -2.507138 -0.920082 12.13 
5.1278 8 1 4 0x0 2.2039 3.1027 2.20 3.10 0.4374 0.7429 0.0008 0.0008 1.0643 -0.6938 -2.493615 -0.918392 12.13 
