Var1_1,Var1_2,Var1_3
0,0,0
0.001,0,0
0.002,0,0
0.003,0,0
0.004,0,0
0.005,4,0
0.006,4,0
0.007,4,0
0.008,4,0
0.009,4,0.1451
0.01,4,0.1451
0.011,4,0.1942
0.012,4,0.2644
0.013,4,0.2644
0.014,4,0.2742
0.015,4,0.3385
0.016,4,0.3129
0.017,4,0.4105
0.018,4,0.4449
0.019,4,0.4428
0.02,4,0.3675
0.021,4,0.4866
0.022,4,0.4401
0.023,4,0.5839
0.024,4,0.573
0.025,4,0.4986
0.026,4,0.5395
0.027,4,0.6101
0.028,4,0.6226
0.029,4,0.5532
0.03,4,0.6622
0.031,4,0.6693
0.032,4,0.6844
0.033,4,0.6196
0.034,4,0.6194
0.035,4,0.6152
0.036,4,0.7295
0.037,4,0.7602
0.038,4,0.7568
0.039,4,0.7909
0.04,4,0.7835
0.041,4,0.8072
0.042,4,0.6906
0.043,4,0.7647
0.044,4,0.734
0.045,4,0.7278
0.046,4,0.7688
0.047,4,0.6876
0.048,4,0.8228
0.049,4,0.6792
0.05,4,0.757
0.051,4,0.8652
0.052,4,0.7744
0.053,4,0.821
0.054,4,0.8013
0.055,4,0.8478
0.056,4,0.8968
0.057,4,0.8592
0.058,4,0.8873
0.059,4,0.8962
0.06,4,0.8673
0.061,4,0.8785
0.062,4,0.9211
0.063,4,0.7854
0.064,4,0.9396
0.065,4,0.923
0.066,4,0.9564
0.067,4,0.9465
0.068,4,0.9443
0.069,4,0.8867
0.07,4,1.0005
0.071,4,0.895
0.072,4,0.9469
0.073,4,0.9547
0.074,4,0.959
0.075,4,0.9546
0.076,4,0.9777
0.077,4,1.0098
0.078,4,0.9396
0.079,4,0.9457
0.08,4,0.9365
0.081,4,1.0405
0.082,4,1.0007
0.083,4,0.9382
0.084,4,0.9963
0.085,4,1.0022
0.086,4,1.0345
0.087,4,0.9839
0.088,4,1.0157
0.089,4,1.0119
0.09,4,1.0725
0.091,4,0.9784
0.092,4,1.0811
0.093,4,1.0484
0.094,4,1.0605
0.095,4,0.9889
0.096,4,1.0726
0.097,4,1.0591
0.098,4,1.0096
0.099,4,0.9987
0.1,4,1.1082
0.101,4,1.064
0.102,4,0.9918
0.103,4,1.0872
0.104,4,1.0523
0.105,4,1.0339
0.106,4,1.0274
0.107,4,1.0831
0.108,4,1.1153
0.109,4,0.9876
0.11,4,1.0636
0.111,4,1.0636
0.112,4,1.0557
0.113,4,1.0879
0.114,4,1.0824
0.115,4,1.0415
0.116,4,1.0916
0.117,4,1.0931
0.118,4,1.1201
0.119,4,1.0927
0.12,4,1.1294
0.121,4,1.0829
0.122,4,1.0878
0.123,4,1.1172
0.124,4,1.0592
0.125,4,1.1172
0.126,4,1.1494
0.127,4,1.0181
0.128,4,1.0953
0.129,4,1.0863
0.13,4,1.0817
0.131,4,1.1077
0.132,4,1.126
0.133,4,1.058
0.134,4,1.1121
0.135,4,1.0449
0.136,4,1.1574
0.137,4,1.1098
0.138,4,1.0347
0.139,4,1.1387
0.14,4,1.1019
0.141,4,1.0829
0.142,4,1.1183
0.143,4,1.0574
0.144,4,1.1651
0.145,4,1.0987
0.147,4,1.0987
0.149,4,1.0645
0.15,4,1.1612
0.151,4,1.0915
0.152,4,1.0776
0.153,4,1.1153
0.154,4,1.0901
0.155,4,1.1685
0.156,4,1.1042
0.157,4,1.0789
0.158,4,1.1528
0.159,4,1.0916
0.16,4,1.1274
0.161,4,1.1213
0.162,4,1.0461
0.163,4,1.1256
0.164,4,1.1097
0.165,4,1.116
0.166,4,1.147
0.167,4,1.1661
0.169,4,1.1454
0.17,4,1.0797
0.171,4,1.1934
0.172,4,1.1511
0.173,4,1.118
0.174,4,1.1705
0.175,4,1.1233
0.176,4,1.149
0.177,4,1.1409
0.178,4,1.0612
0.179,4,1.1916
0.181,4,1.2038
0.182,4,1.1189
0.183,4,1.1493
0.184,4,1.1423
0.185,4,1.0997
0.186,4,1.1528
0.187,4,1.0827
0.188,4,1.1971
0.189,4,1.143
0.19,4,1.0693
0.191,4,1.1735
0.192,4,1.1211
0.193,4,1.1506
0.194,4,1.1569
0.195,4,1.0627
0.196,4,1.1997
0.197,4,1.0869
0.198,4,1.2134
0.199,4,1.1597
0.2,4,1.1249
0.201,4,1.1511
0.202,4,1.1056
0.203,4,1.1612
0.204,4,1.1245
0.205,4,1.184
0.206,4,1.1521
0.207,4,1.0718
0.208,4,1.1681
0.209,4,1.1272
0.211,4,1.1638
0.212,4,1.0684
0.213,4,1.2017
0.214,4,1.0945
0.215,4,1.217
0.216,4,1.1639
0.217,4,1.1311
0.218,4,1.1536
0.219,4,1.1104
0.22,4,1.1608
0.221,4,1.1607
0.222,4,1.1884
0.224,4,1.0774
0.225,4,1.1832
0.226,4,1.1301
0.227,4,1.1205
0.228,4,1.1682
0.229,4,1.0705
0.23,4,1.2063
0.231,4,1.0978
0.233,4,1.1671
0.234,4,1.1342
0.235,4,1.159
0.236,4,1.1142
0.238,4,1.1012
0.239,4,1.1914
0.24,4,1.16
0.242,4,1.1867
0.243,4,1.1319
0.244,4,1.1614
0.245,4,1.1689
0.246,4,1.0734
0.247,4,1.2089
0.248,4,1.0989
0.249,4,1.2231
0.25,4,1.1243
0.251,4,1.1335
0.252,4,1.16
0.253,4,1.1143
0.254,4,1.1687
0.255,4,1.096
0.256,4,1.2105
0.257,4,1.1597
0.258,4,1.0805
0.259,4,1.1882
0.26,4,1.1346
0.261,4,1.1639
0.262,4,1.1564
0.263,4,1.0761
0.264,4,1.212
0.265,4,1.1025
0.266,4,1.2248
0.267,4,1.1372
0.268,4,1.1699
0.269,4,1.1623
0.27,4,1.1177
0.271,4,1.1726
0.272,4,1.0983
0.273,4,1.2154
0.274,4,1.166
0.275,4,1.0789
0.276,4,1.1823
0.277,4,1.1262
0.278,4,1.1567
0.279,4,1.1472
0.28,4,1.1415
0.281,4,1.1782
0.282,4,1.0947
0.283,4,1.2185
0.284,4,1.1301
0.285,4,1.1607
0.286,4,1.1886
0.287,4,1.1125
0.288,4,1.1652
0.289,4,1.0925
0.29,4,1.2095
0.291,4,1.1642
0.292,4,1.1303
0.293,4,1.1828
0.294,4,1.1322
0.295,4,1.1603
0.296,4,1.1556
0.297,4,1.1478
0.298,4,1.0838
0.299,4,1.101
0.3,4,1.2232
0.301,4,1.1348
0.302,4,1.1678
0.303,4,1.1865
0.304,4,1.1663
0.305,4,1.1697
0.306,4,1.0955
0.307,4,1.2134
0.308,4,1.1663
0.309,4,1.1396
0.31,4,1.0631
0.311,4,1.1328
0.312,4,1.1679
0.313,4,1.1576
0.314,4,1.1416
0.315,4,1.0702
0.316,4,1.0979
0.317,4,1.2197
0.318,4,1.1384
0.319,4,1.1686
0.32,4,1.1895
0.321,4,1.1624
0.322,4,1.1075
0.323,4,1.0997
0.324,4,1.2139
0.325,4,1.1681
0.326,4,1.1385
0.327,4,1.1083
0.328,4,1.1815
0.329,4,1.1648
0.33,4,1.1562
0.331,4,1.1485
0.332,4,1.0706
0.333,4,1.1521
0.334,4,1.1378
0.335,4,1.187
0.336,4,1.173
0.337,4,1.1858
0.338,4,1.1733
0.339,4,1.1132
0.34,4,1.1497
0.341,4,1.1261
0.342,4,1.1973
0.343,4,1.1324
0.344,4,1.1081
0.345,4,1.1753
0.346,4,1.113
0.347,4,1.1723
0.348,4,1.1424
0.349,4,1.0672
0.35,4,1.1443
0.351,4,1.1351
0.352,4,1.1787
0.353,4,1.0629
0.354,4,1.1844
0.355,4,1.167
0.356,4,1.1094
0.357,4,1.1449
0.358,4,1.1218
0.359,4,1.1973
0.36,4,1.1358
0.361,4,1.1036
0.362,4,1.1806
0.363,4,1.1095
0.364,4,1.1767
0.365,4,1.2101
0.366,4,1.0682
0.367,4,1.1496
0.368,4,1.1387
0.369,4,1.1842
0.37,4,1.1
0.371,4,1.2002
0.372,4,1.1718
0.373,4,1.1146
0.374,4,1.149
0.375,4,1.1291
0.377,4,1.1519
0.378,4,1.1091
0.379,4,1.1884
0.38,4,1.1245
0.381,4,1.1858
0.382,4,1.2177
0.383,4,1.1466
0.384,4,1.2207
0.385,4,1.1779
0.386,4,1.1906
0.387,4,1.1069
0.389,4,1.1436
0.39,4,1.1676
0.391,4,1.2057
0.392,4,1.1706
0.393,4,1.1998
0.394,4,1.1547
0.396,4,1.1348
0.397,4,1.176
0.398,4,1.0219
0.4,4,1.1465
0.401,4,1.2184
0.402,4,1.1779
0.403,4,1.1438
0.404,4,1.1661
0.405,4,1.1242
0.407,4,1.1682
0.409,4,1.1638
0.41,4,1.0829
0.411,4,1.1894
0.412,4,1.1515
0.413,4,1.1297
0.414,4,1.1716
0.415,4,1.0757
0.416,4,1.2126
0.417,4,1.1025
0.418,4,1.2266
0.419,4,1.1726
0.42,4,1.1403
0.421,4,1.1645
0.422,4,1.1209
0.423,4,1.1735
0.424,4,1.1006
0.425,4,1.2165
0.426,4,1.1662
0.427,4,1.0858
0.428,4,1.1914
0.429,4,1.1395
0.43,4,1.1691
0.431,4,1.1575
0.432,4,1.0794
0.433,4,1.2138
0.434,4,1.1038
0.435,4,1.2239
0.436,4,1.136
0.437,4,1.166
0.438,4,1.1845
0.439,4,1.1135
0.44,4,1.1716
0.441,4,1.0979
0.442,4,1.2133
0.443,4,1.1683
0.444,4,1.0805
0.445,4,1.1847
0.447,4,1.1661
0.448,4,1.1574
0.449,4,1.149
0.45,4,1.024
0.451,4,1.1062
0.452,4,1.2291
0.453,4,1.1419
0.454,4,1.1736
0.455,4,1.1938
0.456,4,1.1788
0.457,4,1.0862
0.458,4,1.1015
0.459,4,1.2222
0.46,4,1.1759
0.461,4,1.1463
0.462,4,1.1156
0.463,4,1.1907
0.464,4,1.1272
0.466,4,1.1565
0.467,4,1.0804
0.468,4,1.1589
0.469,4,1.1411
0.47,4,1.1919
0.471,4,1.0815
0.472,4,1.2089
0.473,4,1.1794
0.474,4,1.1209
0.475,4,1.1563
0.476,4,1.1357
0.477,4,1.2099
0.478,4,1.1605
0.479,4,1.1175
0.48,4,1.1914
0.481,4,1.1277
0.482,4,1.1898
0.483,4,1.2197
0.484,4,1.1502
0.485,4,1.2147
0.486,4,1.1707
0.488,4,1.0995
0.489,4,1.2006
0.49,4,1.1372
0.491,4,1.1665
0.492,4,1.1946
0.493,4,1.1235
0.494,4,1.1989
0.495,4,1.1477
0.496,4,1.1506
0.497,4,1.13
0.498,4,1.1704
0.499,4,1.1757
0.5,4,1.2125
0.501,4,1.1421
0.502,4,1.2142
0.503,4,1.1729
0.504,4,1.1394
0.505,4,1.1033
0.506,4,1.2025
0.507,4,1.1418
0.508,4,1.1721
0.509,4,1.2012
0.51,4,1.1656
0.511,4,1.0904
0.512,4,1.1554
0.513,4,1.1605
0.514,4,1.1418
0.515,4,1.1829
0.516,4,1.0857
0.517,4,1.2221
0.518,4,1.1101
0.519,4,1.235
0.52,4,1.1837
0.521,4,1.1491
0.522,4,1.1733
0.523,4,1.1289
0.524,4,1.1844
0.525,4,1.1082
0.526,4,1.2291
0.527,4,1.1761
0.528,4,1.0929
0.529,4,1.2005
0.53,4,1.1473
0.531,4,1.1771
